---------------------------------------------------------------------------------------------------------------------------------
             adj_tr~1957) adj_tr~1956) adj_tr~1953) adj_tr~1950) adj_tr~1947) adj_tr~1940) adj_tr~1935)        urban    schooling
---------------------------------------------------------------------------------------------------------------------------------
adj_tr~1957)      .216173            0            0            0            0            0            0            0            0
adj_tr~1956)            0     .5145845            0            0            0            0            0            0            0
adj_tr~1953)            0            0     .0315615            0            0            0            0            0            0
adj_tr~1950)            0            0            0     .1658853            0            0            0            0            0
adj_tr~1947)            0            0            0            0     .0209657            0            0            0            0
adj_tr~1940)            0            0            0            0            0     .0228241            0            0            0
adj_tr~1935)            0            0            0            0            0            0     .0263576            0            0
urban                   0            0            0            0            0            0            0     .0003857            0
schooling               0            0            0            0            0            0            0            0     .0012627
---------------------------------------------------------------------------------------------------------------------------------
