---------------------------------------------------------------------------------------------------------------------------------
             adj_ma~1957) adj_ma~1956) adj_ma~1953) adj_ma~1950) adj_ma~1947) adj_ma~1940) adj_ma~1935)        urban    schooling
---------------------------------------------------------------------------------------------------------------------------------
adj_ma~1957)     .2546145            0            0            0            0            0            0            0            0
adj_ma~1956)            0     .5579229            0            0            0            0            0            0            0
adj_ma~1953)            0            0     .0330426            0            0            0            0            0            0
adj_ma~1950)            0            0            0     .0876387            0            0            0            0            0
adj_ma~1947)            0            0            0            0     .0287319            0            0            0            0
adj_ma~1940)            0            0            0            0            0     .0141502            0            0            0
adj_ma~1935)            0            0            0            0            0            0     .0233431            0            0
urban                   0            0            0            0            0            0            0     .0002209            0
schooling               0            0            0            0            0            0            0            0     .0003352
---------------------------------------------------------------------------------------------------------------------------------
