----------------------------------------------------------------------------------------------------------------------------------------------
             adj_ma~1957) adj_ma~1956) adj_ma~1953) adj_ma~1950) adj_ma~1947) adj_ma~1940) adj_ma~1935)      gdppc23    schooling        urban
----------------------------------------------------------------------------------------------------------------------------------------------
adj_ma~1957)     .0992158            0            0            0            0            0            0            0            0            0
adj_ma~1956)            0     .0431707            0            0            0            0            0            0            0            0
adj_ma~1953)            0            0     .1282948            0            0            0            0            0            0            0
adj_ma~1950)            0            0            0     .1806126            0            0            0            0            0            0
adj_ma~1947)            0            0            0            0     .2382855            0            0            0            0            0
adj_ma~1940)            0            0            0            0            0     .1355984            0            0            0            0
adj_ma~1935)            0            0            0            0            0            0     .1056746            0            0            0
gdppc23                 0            0            0            0            0            0            0     .0421658            0            0
schooling               0            0            0            0            0            0            0            0      .017272            0
urban                   0            0            0            0            0            0            0            0            0     .0097098
----------------------------------------------------------------------------------------------------------------------------------------------
