----------------------------------------------------------------------------------------------------------------------------------------------
             adj_ma~1957) adj_ma~1956) adj_ma~1953) adj_ma~1950) adj_ma~1947) adj_ma~1940) adj_ma~1935)      gdppc23    schooling        urban
----------------------------------------------------------------------------------------------------------------------------------------------
adj_ma~1957)     .0945841            0            0            0            0            0            0            0            0            0
adj_ma~1956)            0     .0429282            0            0            0            0            0            0            0            0
adj_ma~1953)            0            0     .1128063            0            0            0            0            0            0            0
adj_ma~1950)            0            0            0     .1770775            0            0            0            0            0            0
adj_ma~1947)            0            0            0            0     .2319208            0            0            0            0            0
adj_ma~1940)            0            0            0            0            0     .1420017            0            0            0            0
adj_ma~1935)            0            0            0            0            0            0     .1137375            0            0            0
gdppc23                 0            0            0            0            0            0            0     .0507106            0            0
schooling               0            0            0            0            0            0            0            0     .0226501            0
urban                   0            0            0            0            0            0            0            0            0     .0115831
----------------------------------------------------------------------------------------------------------------------------------------------
