---------------------------------------------------------------------------------------------------------------------------------
             adj_ma~1957) adj_ma~1956) adj_ma~1953) adj_ma~1950) adj_ma~1947) adj_ma~1940) adj_ma~1935)        urban    schooling
---------------------------------------------------------------------------------------------------------------------------------
adj_ma~1957)       .21474            0            0            0            0            0            0            0            0
adj_ma~1956)            0     .5076216            0            0            0            0            0            0            0
adj_ma~1953)            0            0     .0428401            0            0            0            0            0            0
adj_ma~1950)            0            0            0     .1583907            0            0            0            0            0
adj_ma~1947)            0            0            0            0     .0239052            0            0            0            0
adj_ma~1940)            0            0            0            0            0     .0229868            0            0            0
adj_ma~1935)            0            0            0            0            0            0      .028301            0            0
urban                   0            0            0            0            0            0            0     .0004006            0
schooling               0            0            0            0            0            0            0            0      .000814
---------------------------------------------------------------------------------------------------------------------------------
