----------------------------------------------------------------------------------------------------------------------------------------------
             adj_ma~1957) adj_ma~1956) adj_ma~1953) adj_ma~1950) adj_ma~1947) adj_ma~1940) adj_ma~1935)      gdppc23    schooling        urban
----------------------------------------------------------------------------------------------------------------------------------------------
adj_ma~1957)     .0534818            0            0            0            0            0            0            0            0            0
adj_ma~1956)            0     .0386992            0            0            0            0            0            0            0            0
adj_ma~1953)            0            0     .1446552            0            0            0            0            0            0            0
adj_ma~1950)            0            0            0     .1966464            0            0            0            0            0            0
adj_ma~1947)            0            0            0            0     .1739805            0            0            0            0            0
adj_ma~1940)            0            0            0            0            0     .1764209            0            0            0            0
adj_ma~1935)            0            0            0            0            0            0     .1421752            0            0            0
gdppc23                 0            0            0            0            0            0            0      .039116            0            0
schooling               0            0            0            0            0            0            0            0     .0228357            0
urban                   0            0            0            0            0            0            0            0            0      .011989
----------------------------------------------------------------------------------------------------------------------------------------------
