----------------------------------------------------------------------------------------------------------------------------------------------
             adj_ma~1957) adj_ma~1956) adj_ma~1953) adj_ma~1950) adj_ma~1947) adj_ma~1940) adj_ma~1935)      gdppc23    schooling        urban
----------------------------------------------------------------------------------------------------------------------------------------------
adj_ma~1957)     .0976195            0            0            0            0            0            0            0            0            0
adj_ma~1956)            0     .0460836            0            0            0            0            0            0            0            0
adj_ma~1953)            0            0     .1349869            0            0            0            0            0            0            0
adj_ma~1950)            0            0            0     .1918339            0            0            0            0            0            0
adj_ma~1947)            0            0            0            0     .2193605            0            0            0            0            0
adj_ma~1940)            0            0            0            0            0     .1349823            0            0            0            0
adj_ma~1935)            0            0            0            0            0            0     .1148095            0            0            0
gdppc23                 0            0            0            0            0            0            0     .0375661            0            0
schooling               0            0            0            0            0            0            0            0     .0151551            0
urban                   0            0            0            0            0            0            0            0            0     .0076026
----------------------------------------------------------------------------------------------------------------------------------------------
