----------------------------------------------------------------------------------------------------------------------------------------------
             adj_ma~1957) adj_ma~1956) adj_ma~1953) adj_ma~1950) adj_ma~1947) adj_ma~1940) adj_ma~1935)      gdppc23    schooling        urban
----------------------------------------------------------------------------------------------------------------------------------------------
adj_ma~1957)     .0802349            0            0            0            0            0            0            0            0            0
adj_ma~1956)            0     .0422504            0            0            0            0            0            0            0            0
adj_ma~1953)            0            0     .0751969            0            0            0            0            0            0            0
adj_ma~1950)            0            0            0     .3324755            0            0            0            0            0            0
adj_ma~1947)            0            0            0            0     .1842658            0            0            0            0            0
adj_ma~1940)            0            0            0            0            0     .1185002            0            0            0            0
adj_ma~1935)            0            0            0            0            0            0     .0921703            0            0            0
gdppc23                 0            0            0            0            0            0            0     .0405548            0            0
schooling               0            0            0            0            0            0            0            0     .0224238            0
urban                   0            0            0            0            0            0            0            0            0     .0119273
----------------------------------------------------------------------------------------------------------------------------------------------
