---------------------------------------------------------------------------------------------------------------------------------
             adj_tr~1957) adj_tr~1956) adj_tr~1953) adj_tr~1950) adj_tr~1947) adj_tr~1940) adj_tr~1935)        urban    schooling
---------------------------------------------------------------------------------------------------------------------------------
adj_tr~1957)     .2277595            0            0            0            0            0            0            0            0
adj_tr~1956)            0     .4951029            0            0            0            0            0            0            0
adj_tr~1953)            0            0     .0347343            0            0            0            0            0            0
adj_tr~1950)            0            0            0     .1629747            0            0            0            0            0
adj_tr~1947)            0            0            0            0      .024317            0            0            0            0
adj_tr~1940)            0            0            0            0            0     .0235256            0            0            0
adj_tr~1935)            0            0            0            0            0            0     .0302911            0            0
urban                   0            0            0            0            0            0            0     .0004728            0
schooling               0            0            0            0            0            0            0            0      .000822
---------------------------------------------------------------------------------------------------------------------------------
