---------------------------------------------------------------------------------------------------------------------------------
             adj_tr~1957) adj_tr~1956) adj_tr~1953) adj_tr~1950) adj_tr~1947) adj_tr~1940) adj_tr~1935)        urban    schooling
---------------------------------------------------------------------------------------------------------------------------------
adj_tr~1957)     .2309068            0            0            0            0            0            0            0            0
adj_tr~1956)            0     .4785427            0            0            0            0            0            0            0
adj_tr~1953)            0            0     .0456475            0            0            0            0            0            0
adj_tr~1950)            0            0            0     .1593568            0            0            0            0            0
adj_tr~1947)            0            0            0            0      .028826            0            0            0            0
adj_tr~1940)            0            0            0            0            0     .0250988            0            0            0
adj_tr~1935)            0            0            0            0            0            0      .030251            0            0
urban                   0            0            0            0            0            0            0     .0008519            0
schooling               0            0            0            0            0            0            0            0     .0005185
---------------------------------------------------------------------------------------------------------------------------------
