--------------------------------------------------------------------------------------------------------------------
             adj_ma~1957) adj_ma~1956) adj_ma~1953) adj_ma~1950) adj_ma~1947) adj_ma~1940) adj_ma~1935)        urban
--------------------------------------------------------------------------------------------------------------------
adj_ma~1957)     .2561795            0            0            0            0            0            0            0
adj_ma~1956)            0     .4265303            0            0            0            0            0            0
adj_ma~1953)            0            0     .0500006            0            0            0            0            0
adj_ma~1950)            0            0            0     .1599534            0            0            0            0
adj_ma~1947)            0            0            0            0     .0320327            0            0            0
adj_ma~1940)            0            0            0            0            0     .0281962            0            0
adj_ma~1935)            0            0            0            0            0            0     .0466555            0
urban                   0            0            0            0            0            0            0     .0004518
--------------------------------------------------------------------------------------------------------------------
