----------------------------------------------------------------------------------------------------------------------------------------------
             adj_ma~1957) adj_ma~1956) adj_ma~1953) adj_ma~1950) adj_ma~1947) adj_ma~1940) adj_ma~1935)      gdppc23    schooling        urban
----------------------------------------------------------------------------------------------------------------------------------------------
adj_ma~1957)     .0697539            0            0            0            0            0            0            0            0            0
adj_ma~1956)            0      .036743            0            0            0            0            0            0            0            0
adj_ma~1953)            0            0      .138315            0            0            0            0            0            0            0
adj_ma~1950)            0            0            0      .180922            0            0            0            0            0            0
adj_ma~1947)            0            0            0            0     .3071808            0            0            0            0            0
adj_ma~1940)            0            0            0            0            0     .1200386            0            0            0            0
adj_ma~1935)            0            0            0            0            0            0     .0857921            0            0            0
gdppc23                 0            0            0            0            0            0            0     .0334685            0            0
schooling               0            0            0            0            0            0            0            0      .017657            0
urban                   0            0            0            0            0            0            0            0            0      .010129
----------------------------------------------------------------------------------------------------------------------------------------------
