----------------------------------------------------------------------------------------------------------------------------------------------
             adj_ma~1957) adj_ma~1956) adj_ma~1953) adj_ma~1950) adj_ma~1947) adj_ma~1940) adj_ma~1935)      gdppc23    schooling        urban
----------------------------------------------------------------------------------------------------------------------------------------------
adj_ma~1957)     .0948494            0            0            0            0            0            0            0            0            0
adj_ma~1956)            0     .0431215            0            0            0            0            0            0            0            0
adj_ma~1953)            0            0     .1321974            0            0            0            0            0            0            0
adj_ma~1950)            0            0            0     .1933361            0            0            0            0            0            0
adj_ma~1947)            0            0            0            0     .2217909            0            0            0            0            0
adj_ma~1940)            0            0            0            0            0     .1366953            0            0            0            0
adj_ma~1935)            0            0            0            0            0            0     .1040202            0            0            0
gdppc23                 0            0            0            0            0            0            0      .042516            0            0
schooling               0            0            0            0            0            0            0            0     .0188844            0
urban                   0            0            0            0            0            0            0            0            0     .0125888
----------------------------------------------------------------------------------------------------------------------------------------------
