----------------------------------------------------------------------------------------------------------------------------------------------
             adj_tr~1957) adj_tr~1956) adj_tr~1953) adj_tr~1950) adj_tr~1947) adj_tr~1940) adj_tr~1935)      gdppc23    schooling        urban
----------------------------------------------------------------------------------------------------------------------------------------------
adj_tr~1957)     .2219347            0            0            0            0            0            0            0            0            0
adj_tr~1956)            0     .0972369            0            0            0            0            0            0            0            0
adj_tr~1953)            0            0     .1395658            0            0            0            0            0            0            0
adj_tr~1950)            0            0            0     .4349105            0            0            0            0            0            0
adj_tr~1947)            0            0            0            0     .0224336            0            0            0            0            0
adj_tr~1940)            0            0            0            0            0     .0128305            0            0            0            0
adj_tr~1935)            0            0            0            0            0            0     .0301107            0            0            0
gdppc23                 0            0            0            0            0            0            0      .014886            0            0
schooling               0            0            0            0            0            0            0            0     .0197846            0
urban                   0            0            0            0            0            0            0            0            0     .0063066
----------------------------------------------------------------------------------------------------------------------------------------------
