---------------------------------------------------------------------------------------------------------------------------------
             adj_ma~1957) adj_ma~1956) adj_ma~1953) adj_ma~1950) adj_ma~1947) adj_ma~1940) adj_ma~1935)        urban    schooling
---------------------------------------------------------------------------------------------------------------------------------
adj_ma~1957)     .1810196            0            0            0            0            0            0            0            0
adj_ma~1956)            0     .3425304            0            0            0            0            0            0            0
adj_ma~1953)            0            0      .083746            0            0            0            0            0            0
adj_ma~1950)            0            0            0     .2884435            0            0            0            0            0
adj_ma~1947)            0            0            0            0     .0654761            0            0            0            0
adj_ma~1940)            0            0            0            0            0      .014853            0            0            0
adj_ma~1935)            0            0            0            0            0            0     .0231158            0            0
urban                   0            0            0            0            0            0            0     .0003014            0
schooling               0            0            0            0            0            0            0            0      .000514
---------------------------------------------------------------------------------------------------------------------------------
