---------------------------------------------------------------------------------------------------------------------------------
             adj_tr~1957) adj_tr~1956) adj_tr~1953) adj_tr~1950) adj_tr~1947) adj_tr~1940) adj_tr~1935)        urban    schooling
---------------------------------------------------------------------------------------------------------------------------------
adj_tr~1957)     .2049107            0            0            0            0            0            0            0            0
adj_tr~1956)            0      .449613            0            0            0            0            0            0            0
adj_tr~1953)            0            0     .0605655            0            0            0            0            0            0
adj_tr~1950)            0            0            0     .1303739            0            0            0            0            0
adj_tr~1947)            0            0            0            0     .0355541            0            0            0            0
adj_tr~1940)            0            0            0            0            0     .0624215            0            0            0
adj_tr~1935)            0            0            0            0            0            0      .055477            0            0
urban                   0            0            0            0            0            0            0     .0004005            0
schooling               0            0            0            0            0            0            0            0     .0006837
---------------------------------------------------------------------------------------------------------------------------------
