----------------------------------------------------------------------------------------------------------------------------------------------
             adj_tr~1957) adj_tr~1956) adj_tr~1953) adj_tr~1950) adj_tr~1947) adj_tr~1940) adj_tr~1935)      gdppc23    schooling        urban
----------------------------------------------------------------------------------------------------------------------------------------------
adj_tr~1957)     .1285344            0            0            0            0            0            0            0            0            0
adj_tr~1956)            0     .0464815            0            0            0            0            0            0            0            0
adj_tr~1953)            0            0     .1447164            0            0            0            0            0            0            0
adj_tr~1950)            0            0            0     .1894481            0            0            0            0            0            0
adj_tr~1947)            0            0            0            0     .1999804            0            0            0            0            0
adj_tr~1940)            0            0            0            0            0     .1200636            0            0            0            0
adj_tr~1935)            0            0            0            0            0            0     .0988318            0            0            0
gdppc23                 0            0            0            0            0            0            0      .039738            0            0
schooling               0            0            0            0            0            0            0            0     .0214063            0
urban                   0            0            0            0            0            0            0            0            0     .0107996
----------------------------------------------------------------------------------------------------------------------------------------------
