----------------------------------------------------------------------------------------------------------------------------------------------
             adj_ma~1957) adj_ma~1956) adj_ma~1953) adj_ma~1950) adj_ma~1947) adj_ma~1940) adj_ma~1935)      gdppc23    schooling        urban
----------------------------------------------------------------------------------------------------------------------------------------------
adj_ma~1957)      .063798            0            0            0            0            0            0            0            0            0
adj_ma~1956)            0     .0687726            0            0            0            0            0            0            0            0
adj_ma~1953)            0            0     .0912343            0            0            0            0            0            0            0
adj_ma~1950)            0            0            0     .1224873            0            0            0            0            0            0
adj_ma~1947)            0            0            0            0     .2692607            0            0            0            0            0
adj_ma~1940)            0            0            0            0            0     .1580885            0            0            0            0
adj_ma~1935)            0            0            0            0            0            0     .0843561            0            0            0
gdppc23                 0            0            0            0            0            0            0     .0670555            0            0
schooling               0            0            0            0            0            0            0            0     .0134713            0
urban                   0            0            0            0            0            0            0            0            0     .0614757
----------------------------------------------------------------------------------------------------------------------------------------------
