----------------------------------------------------------------------------------------------------------------------------------------------
             adj_ma~1957) adj_ma~1956) adj_ma~1953) adj_ma~1950) adj_ma~1947) adj_ma~1940) adj_ma~1935)      gdppc23    schooling        urban
----------------------------------------------------------------------------------------------------------------------------------------------
adj_ma~1957)     .0876836            0            0            0            0            0            0            0            0            0
adj_ma~1956)            0     .0425229            0            0            0            0            0            0            0            0
adj_ma~1953)            0            0     .1387503            0            0            0            0            0            0            0
adj_ma~1950)            0            0            0     .1946436            0            0            0            0            0            0
adj_ma~1947)            0            0            0            0     .2247748            0            0            0            0            0
adj_ma~1940)            0            0            0            0            0     .1181464            0            0            0            0
adj_ma~1935)            0            0            0            0            0            0     .1054825            0            0            0
gdppc23                 0            0            0            0            0            0            0     .0516199            0            0
schooling               0            0            0            0            0            0            0            0     .0243371            0
urban                   0            0            0            0            0            0            0            0            0      .012039
----------------------------------------------------------------------------------------------------------------------------------------------
