----------------------------------------------------------------------------------------------------------------------------------------------
             adj_ma~1957) adj_ma~1956) adj_ma~1953) adj_ma~1950) adj_ma~1947) adj_ma~1940) adj_ma~1935)      gdppc23    schooling        urban
----------------------------------------------------------------------------------------------------------------------------------------------
adj_ma~1957)       .06097            0            0            0            0            0            0            0            0            0
adj_ma~1956)            0     .0287844            0            0            0            0            0            0            0            0
adj_ma~1953)            0            0     .2800437            0            0            0            0            0            0            0
adj_ma~1950)            0            0            0     .2495805            0            0            0            0            0            0
adj_ma~1947)            0            0            0            0     .1071902            0            0            0            0            0
adj_ma~1940)            0            0            0            0            0     .0942395            0            0            0            0
adj_ma~1935)            0            0            0            0            0            0     .1025028            0            0            0
gdppc23                 0            0            0            0            0            0            0     .0335139            0            0
schooling               0            0            0            0            0            0            0            0     .0339182            0
urban                   0            0            0            0            0            0            0            0            0     .0092569
----------------------------------------------------------------------------------------------------------------------------------------------
