---------------------------------------------------------------------------------------------------------------------------------
             adj_tr~1957) adj_tr~1956) adj_tr~1953) adj_tr~1950) adj_tr~1947) adj_tr~1940) adj_tr~1935)        urban    schooling
---------------------------------------------------------------------------------------------------------------------------------
adj_tr~1957)     .3210068            0            0            0            0            0            0            0            0
adj_tr~1956)            0     .2955731            0            0            0            0            0            0            0
adj_tr~1953)            0            0     .0739656            0            0            0            0            0            0
adj_tr~1950)            0            0            0     .1633835            0            0            0            0            0
adj_tr~1947)            0            0            0            0     .0669524            0            0            0            0
adj_tr~1940)            0            0            0            0            0     .0402959            0            0            0
adj_tr~1935)            0            0            0            0            0            0     .0370724            0            0
urban                   0            0            0            0            0            0            0     .0011389            0
schooling               0            0            0            0            0            0            0            0     .0006115
---------------------------------------------------------------------------------------------------------------------------------
