---------------------------------------------------------------------------------------------------------------------------------
             adj_tr~1957) adj_tr~1956) adj_tr~1953) adj_tr~1950) adj_tr~1947) adj_tr~1940) adj_tr~1935)        urban    schooling
---------------------------------------------------------------------------------------------------------------------------------
adj_tr~1957)     .2020638            0            0            0            0            0            0            0            0
adj_tr~1956)            0     .4556766            0            0            0            0            0            0            0
adj_tr~1953)            0            0     .0377387            0            0            0            0            0            0
adj_tr~1950)            0            0            0     .1838885            0            0            0            0            0
adj_tr~1947)            0            0            0            0     .0354334            0            0            0            0
adj_tr~1940)            0            0            0            0            0     .0395371            0            0            0
adj_tr~1935)            0            0            0            0            0            0     .0436026            0            0
urban                   0            0            0            0            0            0            0     .0006624            0
schooling               0            0            0            0            0            0            0            0     .0013969
---------------------------------------------------------------------------------------------------------------------------------
