---------------------------------------------------------------------------------------------------------------------------------
             adj_ma~1957) adj_ma~1956) adj_ma~1953) adj_ma~1950) adj_ma~1947) adj_ma~1940) adj_ma~1935)        urban    schooling
---------------------------------------------------------------------------------------------------------------------------------
adj_ma~1957)     .2144197            0            0            0            0            0            0            0            0
adj_ma~1956)            0     .5048991            0            0            0            0            0            0            0
adj_ma~1953)            0            0      .040502            0            0            0            0            0            0
adj_ma~1950)            0            0            0     .1653531            0            0            0            0            0
adj_ma~1947)            0            0            0            0     .0223513            0            0            0            0
adj_ma~1940)            0            0            0            0            0      .022581            0            0            0
adj_ma~1935)            0            0            0            0            0            0      .028458            0            0
urban                   0            0            0            0            0            0            0     .0004284            0
schooling               0            0            0            0            0            0            0            0     .0010075
---------------------------------------------------------------------------------------------------------------------------------
