---------------------------------------------------------------------------------------------------------------------------------
             adj_ma~1957) adj_ma~1956) adj_ma~1953) adj_ma~1950) adj_ma~1947) adj_ma~1940) adj_ma~1935)        urban    schooling
---------------------------------------------------------------------------------------------------------------------------------
adj_ma~1957)     .2248303            0            0            0            0            0            0            0            0
adj_ma~1956)            0      .483219            0            0            0            0            0            0            0
adj_ma~1953)            0            0     .0333407            0            0            0            0            0            0
adj_ma~1950)            0            0            0     .1609509            0            0            0            0            0
adj_ma~1947)            0            0            0            0     .0234299            0            0            0            0
adj_ma~1940)            0            0            0            0            0     .0252088            0            0            0
adj_ma~1935)            0            0            0            0            0            0     .0478345            0            0
urban                   0            0            0            0            0            0            0     .0004211            0
schooling               0            0            0            0            0            0            0            0     .0007649
---------------------------------------------------------------------------------------------------------------------------------
