----------------------------------------------------------------------------------------------------------------------------------------------------------------------------------------------------------------------------------------------------------------------------------------------------------------------------------------------------------------------------------------------------------------
             adj_ma~1957) adj_ma~1956) adj_ma~1955) adj_ma~1954) adj_ma~1953) adj_ma~1952) adj_ma~1951) adj_ma~1950) adj_ma~1949) adj_ma~1948) adj_ma~1947) adj_ma~1946) adj_ma~1945) adj_ma~1944) adj_ma~1943) adj_ma~1942) adj_ma~1941) adj_ma~1940) adj_ma~1939) adj_ma~1938) adj_ma~1937) adj_ma~1936) adj_ma~1935) adj_ma~1934) adj_ma~1933) adj_ma~1932) adj_ma~1931) adj_ma~1930) adj_ma~1929) adj_ma~1928)
----------------------------------------------------------------------------------------------------------------------------------------------------------------------------------------------------------------------------------------------------------------------------------------------------------------------------------------------------------------------------------------------------------------
adj_ma~1957)       .09531            0            0            0            0            0            0            0            0            0            0            0            0            0            0            0            0            0            0            0            0            0            0            0            0            0            0            0            0            0
adj_ma~1956)            0            0            0            0            0            0            0            0            0            0            0            0            0            0            0            0            0            0            0            0            0            0            0            0            0            0            0            0            0            0
adj_ma~1955)            0            0            0            0            0            0            0            0            0            0            0            0            0            0            0            0            0            0            0            0            0            0            0            0            0            0            0            0            0            0
adj_ma~1954)            0            0            0            0            0            0            0            0            0            0            0            0            0            0            0            0            0            0            0            0            0            0            0            0            0            0            0            0            0            0
adj_ma~1953)            0            0            0            0            0            0            0            0            0            0            0            0            0            0            0            0            0            0            0            0            0            0            0            0            0            0            0            0            0            0
adj_ma~1952)            0            0            0            0            0     .0670716            0            0            0            0            0            0            0            0            0            0            0            0            0            0            0            0            0            0            0            0            0            0            0            0
adj_ma~1951)            0            0            0            0            0            0            0            0            0            0            0            0            0            0            0            0            0            0            0            0            0            0            0            0            0            0            0            0            0            0
adj_ma~1950)            0            0            0            0            0            0            0            0            0            0            0            0            0            0            0            0            0            0            0            0            0            0            0            0            0            0            0            0            0            0
adj_ma~1949)            0            0            0            0            0            0            0            0            0            0            0            0            0            0            0            0            0            0            0            0            0            0            0            0            0            0            0            0            0            0
adj_ma~1948)            0            0            0            0            0            0            0            0            0     .0358913            0            0            0            0            0            0            0            0            0            0            0            0            0            0            0            0            0            0            0            0
adj_ma~1947)            0            0            0            0            0            0            0            0            0            0     .0469019            0            0            0            0            0            0            0            0            0            0            0            0            0            0            0            0            0            0            0
adj_ma~1946)            0            0            0            0            0            0            0            0            0            0            0     .0885984            0            0            0            0            0            0            0            0            0            0            0            0            0            0            0            0            0            0
adj_ma~1945)            0            0            0            0            0            0            0            0            0            0            0            0     .1495894            0            0            0            0            0            0            0            0            0            0            0            0            0            0            0            0            0
adj_ma~1944)            0            0            0            0            0            0            0            0            0            0            0            0            0     .1090822            0            0            0            0            0            0            0            0            0            0            0            0            0            0            0            0
adj_ma~1943)            0            0            0            0            0            0            0            0            0            0            0            0            0            0            0            0            0            0            0            0            0            0            0            0            0            0            0            0            0            0
adj_ma~1942)            0            0            0            0            0            0            0            0            0            0            0            0            0            0            0     .1080199            0            0            0            0            0            0            0            0            0            0            0            0            0            0
adj_ma~1941)            0            0            0            0            0            0            0            0            0            0            0            0            0            0            0            0     .0556484            0            0            0            0            0            0            0            0            0            0            0            0            0
adj_ma~1940)            0            0            0            0            0            0            0            0            0            0            0            0            0            0            0            0            0            0            0            0            0            0            0            0            0            0            0            0            0            0
adj_ma~1939)            0            0            0            0            0            0            0            0            0            0            0            0            0            0            0            0            0            0            0            0            0            0            0            0            0            0            0            0            0            0
adj_ma~1938)            0            0            0            0            0            0            0            0            0            0            0            0            0            0            0            0            0            0            0            0            0            0            0            0            0            0            0            0            0            0
adj_ma~1937)            0            0            0            0            0            0            0            0            0            0            0            0            0            0            0            0            0            0            0            0            0            0            0            0            0            0            0            0            0            0
adj_ma~1936)            0            0            0            0            0            0            0            0            0            0            0            0            0            0            0            0            0            0            0            0            0      .037417            0            0            0            0            0            0            0            0
adj_ma~1935)            0            0            0            0            0            0            0            0            0            0            0            0            0            0            0            0            0            0            0            0            0            0            0            0            0            0            0            0            0            0
adj_ma~1934)            0            0            0            0            0            0            0            0            0            0            0            0            0            0            0            0            0            0            0            0            0            0            0            0            0            0            0            0            0            0
adj_ma~1933)            0            0            0            0            0            0            0            0            0            0            0            0            0            0            0            0            0            0            0            0            0            0            0            0     .0372931            0            0            0            0            0
adj_ma~1932)            0            0            0            0            0            0            0            0            0            0            0            0            0            0            0            0            0            0            0            0            0            0            0            0            0     .0684727            0            0            0            0
adj_ma~1931)            0            0            0            0            0            0            0            0            0            0            0            0            0            0            0            0            0            0            0            0            0            0            0            0            0            0     .0370617            0            0            0
adj_ma~1930)            0            0            0            0            0            0            0            0            0            0            0            0            0            0            0            0            0            0            0            0            0            0            0            0            0            0            0     .0350753            0            0
adj_ma~1929)            0            0            0            0            0            0            0            0            0            0            0            0            0            0            0            0            0            0            0            0            0            0            0            0            0            0            0            0     .0285671            0
adj_ma~1928)            0            0            0            0            0            0            0            0            0            0            0            0            0            0            0            0            0            0            0            0            0            0            0            0            0            0            0            0            0            0
----------------------------------------------------------------------------------------------------------------------------------------------------------------------------------------------------------------------------------------------------------------------------------------------------------------------------------------------------------------------------------------------------------------
