----------------------------------------------------------------------------------------------------------------------------------------------
             adj_tr~1957) adj_tr~1956) adj_tr~1953) adj_tr~1950) adj_tr~1947) adj_tr~1940) adj_tr~1935)      gdppc23    schooling        urban
----------------------------------------------------------------------------------------------------------------------------------------------
adj_tr~1957)     .0936855            0            0            0            0            0            0            0            0            0
adj_tr~1956)            0     .0438435            0            0            0            0            0            0            0            0
adj_tr~1953)            0            0     .1297662            0            0            0            0            0            0            0
adj_tr~1950)            0            0            0     .1875699            0            0            0            0            0            0
adj_tr~1947)            0            0            0            0     .2204768            0            0            0            0            0
adj_tr~1940)            0            0            0            0            0     .1388333            0            0            0            0
adj_tr~1935)            0            0            0            0            0            0     .1105889            0            0            0
gdppc23                 0            0            0            0            0            0            0     .0451001            0            0
schooling               0            0            0            0            0            0            0            0     .0188625            0
urban                   0            0            0            0            0            0            0            0            0     .0112734
----------------------------------------------------------------------------------------------------------------------------------------------
