----------------------------------------------------------------------------------------------------------------------------------------------------------------------------------------------------------------------------------------------------------------------------------------------------------------------------------------------------------------------------------------------------------------
             adj_tr~1957) adj_tr~1956) adj_tr~1955) adj_tr~1954) adj_tr~1953) adj_tr~1952) adj_tr~1951) adj_tr~1950) adj_tr~1949) adj_tr~1948) adj_tr~1947) adj_tr~1946) adj_tr~1945) adj_tr~1944) adj_tr~1943) adj_tr~1942) adj_tr~1941) adj_tr~1940) adj_tr~1939) adj_tr~1938) adj_tr~1937) adj_tr~1936) adj_tr~1935) adj_tr~1934) adj_tr~1933) adj_tr~1932) adj_tr~1931) adj_tr~1930) adj_tr~1929) adj_tr~1928)
----------------------------------------------------------------------------------------------------------------------------------------------------------------------------------------------------------------------------------------------------------------------------------------------------------------------------------------------------------------------------------------------------------------
adj_tr~1957)       .09531            0            0            0            0            0            0            0            0            0            0            0            0            0            0            0            0            0            0            0            0            0            0            0            0            0            0            0            0            0
adj_tr~1956)            0            0            0            0            0            0            0            0            0            0            0            0            0            0            0            0            0            0            0            0            0            0            0            0            0            0            0            0            0            0
adj_tr~1955)            0            0            0            0            0            0            0            0            0            0            0            0            0            0            0            0            0            0            0            0            0            0            0            0            0            0            0            0            0            0
adj_tr~1954)            0            0            0            0            0            0            0            0            0            0            0            0            0            0            0            0            0            0            0            0            0            0            0            0            0            0            0            0            0            0
adj_tr~1953)            0            0            0            0            0            0            0            0            0            0            0            0            0            0            0            0            0            0            0            0            0            0            0            0            0            0            0            0            0            0
adj_tr~1952)            0            0            0            0            0     .0670716            0            0            0            0            0            0            0            0            0            0            0            0            0            0            0            0            0            0            0            0            0            0            0            0
adj_tr~1951)            0            0            0            0            0            0            0            0            0            0            0            0            0            0            0            0            0            0            0            0            0            0            0            0            0            0            0            0            0            0
adj_tr~1950)            0            0            0            0            0            0            0            0            0            0            0            0            0            0            0            0            0            0            0            0            0            0            0            0            0            0            0            0            0            0
adj_tr~1949)            0            0            0            0            0            0            0            0            0            0            0            0            0            0            0            0            0            0            0            0            0            0            0            0            0            0            0            0            0            0
adj_tr~1948)            0            0            0            0            0            0            0            0            0     .0358913            0            0            0            0            0            0            0            0            0            0            0            0            0            0            0            0            0            0            0            0
adj_tr~1947)            0            0            0            0            0            0            0            0            0            0     .0469019            0            0            0            0            0            0            0            0            0            0            0            0            0            0            0            0            0            0            0
adj_tr~1946)            0            0            0            0            0            0            0            0            0            0            0     .0885984            0            0            0            0            0            0            0            0            0            0            0            0            0            0            0            0            0            0
adj_tr~1945)            0            0            0            0            0            0            0            0            0            0            0            0     .1495894            0            0            0            0            0            0            0            0            0            0            0            0            0            0            0            0            0
adj_tr~1944)            0            0            0            0            0            0            0            0            0            0            0            0            0     .1090822            0            0            0            0            0            0            0            0            0            0            0            0            0            0            0            0
adj_tr~1943)            0            0            0            0            0            0            0            0            0            0            0            0            0            0            0            0            0            0            0            0            0            0            0            0            0            0            0            0            0            0
adj_tr~1942)            0            0            0            0            0            0            0            0            0            0            0            0            0            0            0     .1080199            0            0            0            0            0            0            0            0            0            0            0            0            0            0
adj_tr~1941)            0            0            0            0            0            0            0            0            0            0            0            0            0            0            0            0     .0556484            0            0            0            0            0            0            0            0            0            0            0            0            0
adj_tr~1940)            0            0            0            0            0            0            0            0            0            0            0            0            0            0            0            0            0            0            0            0            0            0            0            0            0            0            0            0            0            0
adj_tr~1939)            0            0            0            0            0            0            0            0            0            0            0            0            0            0            0            0            0            0            0            0            0            0            0            0            0            0            0            0            0            0
adj_tr~1938)            0            0            0            0            0            0            0            0            0            0            0            0            0            0            0            0            0            0            0            0            0            0            0            0            0            0            0            0            0            0
adj_tr~1937)            0            0            0            0            0            0            0            0            0            0            0            0            0            0            0            0            0            0            0            0            0            0            0            0            0            0            0            0            0            0
adj_tr~1936)            0            0            0            0            0            0            0            0            0            0            0            0            0            0            0            0            0            0            0            0            0      .037417            0            0            0            0            0            0            0            0
adj_tr~1935)            0            0            0            0            0            0            0            0            0            0            0            0            0            0            0            0            0            0            0            0            0            0            0            0            0            0            0            0            0            0
adj_tr~1934)            0            0            0            0            0            0            0            0            0            0            0            0            0            0            0            0            0            0            0            0            0            0            0            0            0            0            0            0            0            0
adj_tr~1933)            0            0            0            0            0            0            0            0            0            0            0            0            0            0            0            0            0            0            0            0            0            0            0            0     .0372931            0            0            0            0            0
adj_tr~1932)            0            0            0            0            0            0            0            0            0            0            0            0            0            0            0            0            0            0            0            0            0            0            0            0            0     .0684727            0            0            0            0
adj_tr~1931)            0            0            0            0            0            0            0            0            0            0            0            0            0            0            0            0            0            0            0            0            0            0            0            0            0            0     .0370617            0            0            0
adj_tr~1930)            0            0            0            0            0            0            0            0            0            0            0            0            0            0            0            0            0            0            0            0            0            0            0            0            0            0            0     .0350753            0            0
adj_tr~1929)            0            0            0            0            0            0            0            0            0            0            0            0            0            0            0            0            0            0            0            0            0            0            0            0            0            0            0            0     .0285671            0
adj_tr~1928)            0            0            0            0            0            0            0            0            0            0            0            0            0            0            0            0            0            0            0            0            0            0            0            0            0            0            0            0            0            0
----------------------------------------------------------------------------------------------------------------------------------------------------------------------------------------------------------------------------------------------------------------------------------------------------------------------------------------------------------------------------------------------------------------
