---------------------------------------------------------------------------------------------------------------------------------
             adj_tr~1957) adj_tr~1956) adj_tr~1953) adj_tr~1950) adj_tr~1947) adj_tr~1940) adj_tr~1935)        urban    schooling
---------------------------------------------------------------------------------------------------------------------------------
adj_tr~1957)     .3320889            0            0            0            0            0            0            0            0
adj_tr~1956)            0     .5247253            0            0            0            0            0            0            0
adj_tr~1953)            0            0     .0189694            0            0            0            0            0            0
adj_tr~1950)            0            0            0     .0735621            0            0            0            0            0
adj_tr~1947)            0            0            0            0     .0139263            0            0            0            0
adj_tr~1940)            0            0            0            0            0     .0147495            0            0            0
adj_tr~1935)            0            0            0            0            0            0     .0212436            0            0
urban                   0            0            0            0            0            0            0     .0004611            0
schooling               0            0            0            0            0            0            0            0     .0002737
---------------------------------------------------------------------------------------------------------------------------------
