----------------------------------------------------------------------------------------------------------------------------------------------
             adj_tr~1957) adj_tr~1956) adj_tr~1953) adj_tr~1950) adj_tr~1947) adj_tr~1940) adj_tr~1935)      gdppc23    schooling        urban
----------------------------------------------------------------------------------------------------------------------------------------------
adj_tr~1957)     .1004983            0            0            0            0            0            0            0            0            0
adj_tr~1956)            0     .0354534            0            0            0            0            0            0            0            0
adj_tr~1953)            0            0     .1282553            0            0            0            0            0            0            0
adj_tr~1950)            0            0            0     .2127265            0            0            0            0            0            0
adj_tr~1947)            0            0            0            0     .1951776            0            0            0            0            0
adj_tr~1940)            0            0            0            0            0     .1209678            0            0            0            0
adj_tr~1935)            0            0            0            0            0            0     .0885366            0            0            0
gdppc23                 0            0            0            0            0            0            0      .072445            0            0
schooling               0            0            0            0            0            0            0            0     .0301321            0
urban                   0            0            0            0            0            0            0            0            0     .0158073
----------------------------------------------------------------------------------------------------------------------------------------------
