---------------------------------------------------------------------------------------------------------------------------------
             adj_ma~1957) adj_ma~1956) adj_ma~1953) adj_ma~1950) adj_ma~1947) adj_ma~1940) adj_ma~1935)        urban    schooling
---------------------------------------------------------------------------------------------------------------------------------
adj_ma~1957)     .2857616            0            0            0            0            0            0            0            0
adj_ma~1956)            0     .4617286            0            0            0            0            0            0            0
adj_ma~1953)            0            0     .0423252            0            0            0            0            0            0
adj_ma~1950)            0            0            0     .1154427            0            0            0            0            0
adj_ma~1947)            0            0            0            0     .0282211            0            0            0            0
adj_ma~1940)            0            0            0            0            0     .0271444            0            0            0
adj_ma~1935)            0            0            0            0            0            0     .0379453            0            0
urban                   0            0            0            0            0            0            0      .000552            0
schooling               0            0            0            0            0            0            0            0      .000879
---------------------------------------------------------------------------------------------------------------------------------
