---------------------------------------------------------------------------------------------------------------------------------
             adj_tr~1957) adj_tr~1956) adj_tr~1953) adj_tr~1950) adj_tr~1947) adj_tr~1940) adj_tr~1935)        urban    schooling
---------------------------------------------------------------------------------------------------------------------------------
adj_tr~1957)     .1810196            0            0            0            0            0            0            0            0
adj_tr~1956)            0     .3425304            0            0            0            0            0            0            0
adj_tr~1953)            0            0      .083746            0            0            0            0            0            0
adj_tr~1950)            0            0            0     .2884435            0            0            0            0            0
adj_tr~1947)            0            0            0            0     .0654761            0            0            0            0
adj_tr~1940)            0            0            0            0            0      .014853            0            0            0
adj_tr~1935)            0            0            0            0            0            0     .0231158            0            0
urban                   0            0            0            0            0            0            0     .0003014            0
schooling               0            0            0            0            0            0            0            0      .000514
---------------------------------------------------------------------------------------------------------------------------------
