---------------------------------------------------------------------------------------------------------------------------------
             adj_tr~1957) adj_tr~1956) adj_tr~1953) adj_tr~1950) adj_tr~1947) adj_tr~1940) adj_tr~1935)        urban    schooling
---------------------------------------------------------------------------------------------------------------------------------
adj_tr~1957)     .2320393            0            0            0            0            0            0            0            0
adj_tr~1956)            0     .4991585            0            0            0            0            0            0            0
adj_tr~1953)            0            0     .0501964            0            0            0            0            0            0
adj_tr~1950)            0            0            0     .1554257            0            0            0            0            0
adj_tr~1947)            0            0            0            0     .0235773            0            0            0            0
adj_tr~1940)            0            0            0            0            0     .0212566            0            0            0
adj_tr~1935)            0            0            0            0            0            0     .0162102            0            0
urban                   0            0            0            0            0            0            0     .0006548            0
schooling               0            0            0            0            0            0            0            0     .0014812
---------------------------------------------------------------------------------------------------------------------------------
