---------------------------------------------------------------------------------------------------------------------------------
             adj_tr~1957) adj_tr~1956) adj_tr~1953) adj_tr~1950) adj_tr~1947) adj_tr~1940) adj_tr~1935)        urban    schooling
---------------------------------------------------------------------------------------------------------------------------------
adj_tr~1957)     .2306553            0            0            0            0            0            0            0            0
adj_tr~1956)            0     .4926164            0            0            0            0            0            0            0
adj_tr~1953)            0            0     .0352032            0            0            0            0            0            0
adj_tr~1950)            0            0            0     .1669794            0            0            0            0            0
adj_tr~1947)            0            0            0            0     .0246525            0            0            0            0
adj_tr~1940)            0            0            0            0            0     .0231472            0            0            0
adj_tr~1935)            0            0            0            0            0            0     .0252751            0            0
urban                   0            0            0            0            0            0            0     .0004791            0
schooling               0            0            0            0            0            0            0            0     .0009919
---------------------------------------------------------------------------------------------------------------------------------
