---------------------------------------------------------------------------------------------------------------------------------
             adj_tr~1957) adj_tr~1956) adj_tr~1953) adj_tr~1950) adj_tr~1947) adj_tr~1940) adj_tr~1935)        urban    schooling
---------------------------------------------------------------------------------------------------------------------------------
adj_tr~1957)       .21474            0            0            0            0            0            0            0            0
adj_tr~1956)            0     .5076216            0            0            0            0            0            0            0
adj_tr~1953)            0            0     .0428401            0            0            0            0            0            0
adj_tr~1950)            0            0            0     .1583907            0            0            0            0            0
adj_tr~1947)            0            0            0            0     .0239052            0            0            0            0
adj_tr~1940)            0            0            0            0            0     .0229868            0            0            0
adj_tr~1935)            0            0            0            0            0            0      .028301            0            0
urban                   0            0            0            0            0            0            0     .0004006            0
schooling               0            0            0            0            0            0            0            0      .000814
---------------------------------------------------------------------------------------------------------------------------------
