---------------------------------------------------------------------------------------------------------------------------------
             adj_ma~1957) adj_ma~1956) adj_ma~1953) adj_ma~1950) adj_ma~1947) adj_ma~1940) adj_ma~1935)        urban    schooling
---------------------------------------------------------------------------------------------------------------------------------
adj_ma~1957)     .2207163            0            0            0            0            0            0            0            0
adj_ma~1956)            0     .4892589            0            0            0            0            0            0            0
adj_ma~1953)            0            0     .0347277            0            0            0            0            0            0
adj_ma~1950)            0            0            0     .1750369            0            0            0            0            0
adj_ma~1947)            0            0            0            0     .0249032            0            0            0            0
adj_ma~1940)            0            0            0            0            0     .0239776            0            0            0
adj_ma~1935)            0            0            0            0            0            0       .03008            0            0
urban                   0            0            0            0            0            0            0     .0004591            0
schooling               0            0            0            0            0            0            0            0     .0008403
---------------------------------------------------------------------------------------------------------------------------------
