---------------------------------------------------------------------------------------------------------------------------------
             adj_tr~1957) adj_tr~1956) adj_tr~1953) adj_tr~1950) adj_tr~1947) adj_tr~1940) adj_tr~1935)        urban    schooling
---------------------------------------------------------------------------------------------------------------------------------
adj_tr~1957)     .2857616            0            0            0            0            0            0            0            0
adj_tr~1956)            0     .4617286            0            0            0            0            0            0            0
adj_tr~1953)            0            0     .0423252            0            0            0            0            0            0
adj_tr~1950)            0            0            0     .1154427            0            0            0            0            0
adj_tr~1947)            0            0            0            0     .0282211            0            0            0            0
adj_tr~1940)            0            0            0            0            0     .0271444            0            0            0
adj_tr~1935)            0            0            0            0            0            0     .0379453            0            0
urban                   0            0            0            0            0            0            0      .000552            0
schooling               0            0            0            0            0            0            0            0      .000879
---------------------------------------------------------------------------------------------------------------------------------
