---------------------------------------------------------------------------------------------------------------------------------
             adj_tr~1957) adj_tr~1956) adj_tr~1953) adj_tr~1950) adj_tr~1947) adj_tr~1940) adj_tr~1935)        urban    schooling
---------------------------------------------------------------------------------------------------------------------------------
adj_tr~1957)     .2264492            0            0            0            0            0            0            0            0
adj_tr~1956)            0     .4918677            0            0            0            0            0            0            0
adj_tr~1953)            0            0     .0356214            0            0            0            0            0            0
adj_tr~1950)            0            0            0     .1643135            0            0            0            0            0
adj_tr~1947)            0            0            0            0     .0247346            0            0            0            0
adj_tr~1940)            0            0            0            0            0     .0244432            0            0            0
adj_tr~1935)            0            0            0            0            0            0     .0312697            0            0
urban                   0            0            0            0            0            0            0     .0004523            0
schooling               0            0            0            0            0            0            0            0     .0008484
---------------------------------------------------------------------------------------------------------------------------------
