---------------------------------------------------------------------------------------------------------------------------------
             adj_ma~1957) adj_ma~1956) adj_ma~1953) adj_ma~1950) adj_ma~1947) adj_ma~1940) adj_ma~1935)        urban    schooling
---------------------------------------------------------------------------------------------------------------------------------
adj_ma~1957)     .2049107            0            0            0            0            0            0            0            0
adj_ma~1956)            0      .449613            0            0            0            0            0            0            0
adj_ma~1953)            0            0     .0605655            0            0            0            0            0            0
adj_ma~1950)            0            0            0     .1303739            0            0            0            0            0
adj_ma~1947)            0            0            0            0     .0355541            0            0            0            0
adj_ma~1940)            0            0            0            0            0     .0624215            0            0            0
adj_ma~1935)            0            0            0            0            0            0      .055477            0            0
urban                   0            0            0            0            0            0            0     .0004005            0
schooling               0            0            0            0            0            0            0            0     .0006837
---------------------------------------------------------------------------------------------------------------------------------
