---------------------------------------------------------------------------------------------------------------------------------
             adj_tr~1957) adj_tr~1956) adj_tr~1953) adj_tr~1950) adj_tr~1947) adj_tr~1940) adj_tr~1935)        urban    schooling
---------------------------------------------------------------------------------------------------------------------------------
adj_tr~1957)     .2207163            0            0            0            0            0            0            0            0
adj_tr~1956)            0     .4892589            0            0            0            0            0            0            0
adj_tr~1953)            0            0     .0347277            0            0            0            0            0            0
adj_tr~1950)            0            0            0     .1750369            0            0            0            0            0
adj_tr~1947)            0            0            0            0     .0249032            0            0            0            0
adj_tr~1940)            0            0            0            0            0     .0239776            0            0            0
adj_tr~1935)            0            0            0            0            0            0       .03008            0            0
urban                   0            0            0            0            0            0            0     .0004591            0
schooling               0            0            0            0            0            0            0            0     .0008403
---------------------------------------------------------------------------------------------------------------------------------
