----------------------------------------------------------------------------------------------------------------------------------------------
             adj_ma~1957) adj_ma~1956) adj_ma~1953) adj_ma~1950) adj_ma~1947) adj_ma~1940) adj_ma~1935)      gdppc23    schooling        urban
----------------------------------------------------------------------------------------------------------------------------------------------
adj_ma~1957)     .0772002            0            0            0            0            0            0            0            0            0
adj_ma~1956)            0     .0335732            0            0            0            0            0            0            0            0
adj_ma~1953)            0            0     .1873952            0            0            0            0            0            0            0
adj_ma~1950)            0            0            0     .2124352            0            0            0            0            0            0
adj_ma~1947)            0            0            0            0     .1871473            0            0            0            0            0
adj_ma~1940)            0            0            0            0            0     .1401162            0            0            0            0
adj_ma~1935)            0            0            0            0            0            0     .1097874            0            0            0
gdppc23                 0            0            0            0            0            0            0     .0282792            0            0
schooling               0            0            0            0            0            0            0            0     .0132888            0
urban                   0            0            0            0            0            0            0            0            0     .0107774
----------------------------------------------------------------------------------------------------------------------------------------------
