----------------------------------------------------------------------------------------------------------------------------------------------
             adj_ma~1957) adj_ma~1956) adj_ma~1953) adj_ma~1950) adj_ma~1947) adj_ma~1940) adj_ma~1935)      gdppc23    schooling        urban
----------------------------------------------------------------------------------------------------------------------------------------------
adj_ma~1957)     .0726798            0            0            0            0            0            0            0            0            0
adj_ma~1956)            0     .0965972            0            0            0            0            0            0            0            0
adj_ma~1953)            0            0     .1193313            0            0            0            0            0            0            0
adj_ma~1950)            0            0            0     .1708013            0            0            0            0            0            0
adj_ma~1947)            0            0            0            0     .2251798            0            0            0            0            0
adj_ma~1940)            0            0            0            0            0     .1205783            0            0            0            0
adj_ma~1935)            0            0            0            0            0            0     .1001082            0            0            0
gdppc23                 0            0            0            0            0            0            0     .0665359            0            0
schooling               0            0            0            0            0            0            0            0     .0161938            0
urban                   0            0            0            0            0            0            0            0            0     .0119942
----------------------------------------------------------------------------------------------------------------------------------------------
