----------------------------------------------------------------------------------------------------------------------------------------------
             adj_tr~1957) adj_tr~1956) adj_tr~1953) adj_tr~1950) adj_tr~1947) adj_tr~1940) adj_tr~1935)      gdppc23    schooling        urban
----------------------------------------------------------------------------------------------------------------------------------------------
adj_tr~1957)     .1192371            0            0            0            0            0            0            0            0            0
adj_tr~1956)            0     .0563607            0            0            0            0            0            0            0            0
adj_tr~1953)            0            0     .1021127            0            0            0            0            0            0            0
adj_tr~1950)            0            0            0     .2355681            0            0            0            0            0            0
adj_tr~1947)            0            0            0            0     .1874392            0            0            0            0            0
adj_tr~1940)            0            0            0            0            0     .1217423            0            0            0            0
adj_tr~1935)            0            0            0            0            0            0     .0881115            0            0            0
gdppc23                 0            0            0            0            0            0            0     .0583382            0            0
schooling               0            0            0            0            0            0            0            0     .0240039            0
urban                   0            0            0            0            0            0            0            0            0     .0070863
----------------------------------------------------------------------------------------------------------------------------------------------
