----------------------------------------------------------------------------------------------------------------------------------------------
             gdppc2~1957) gdppc2~1956) gdppc2~1953) gdppc2~1950) gdppc2~1947) gdppc2~1940) gdppc2~1935)      gdppc23    schooling        urban
----------------------------------------------------------------------------------------------------------------------------------------------
gdppc2~1957)     .0949608            0            0            0            0            0            0            0            0            0
gdppc2~1956)            0     .0855078            0            0            0            0            0            0            0            0
gdppc2~1953)            0            0     .1214045            0            0            0            0            0            0            0
gdppc2~1950)            0            0            0     .4618557            0            0            0            0            0            0
gdppc2~1947)            0            0            0            0     .0630139            0            0            0            0            0
gdppc2~1940)            0            0            0            0            0      .009672            0            0            0            0
gdppc2~1935)            0            0            0            0            0            0     .0320962            0            0            0
gdppc23                 0            0            0            0            0            0            0     .1284097            0            0
schooling               0            0            0            0            0            0            0            0     .0017725            0
urban                   0            0            0            0            0            0            0            0            0     .0013069
----------------------------------------------------------------------------------------------------------------------------------------------
