----------------------------------------------------------------------------------------------------------------------------------------------
             gdppc2~1957) gdppc2~1956) gdppc2~1953) gdppc2~1950) gdppc2~1947) gdppc2~1940) gdppc2~1935)      gdppc23    schooling        urban
----------------------------------------------------------------------------------------------------------------------------------------------
gdppc2~1957)     .0514888            0            0            0            0            0            0            0            0            0
gdppc2~1956)            0     .0465907            0            0            0            0            0            0            0            0
gdppc2~1953)            0            0     .0721745            0            0            0            0            0            0            0
gdppc2~1950)            0            0            0     .2491566            0            0            0            0            0            0
gdppc2~1947)            0            0            0            0     .0510062            0            0            0            0            0
gdppc2~1940)            0            0            0            0            0     .0233815            0            0            0            0
gdppc2~1935)            0            0            0            0            0            0      .106051            0            0            0
gdppc23                 0            0            0            0            0            0            0     .3976751            0            0
schooling               0            0            0            0            0            0            0            0     .0011375            0
urban                   0            0            0            0            0            0            0            0            0     .0013381
----------------------------------------------------------------------------------------------------------------------------------------------
