---------------------------------------------------------------------------------------------------------------------------------
             gdppc2~1957) gdppc2~1956) gdppc2~1953) gdppc2~1950) gdppc2~1947) gdppc2~1940) gdppc2~1935)        urban    schooling
---------------------------------------------------------------------------------------------------------------------------------
gdppc2~1957)     .2153511            0            0            0            0            0            0            0            0
gdppc2~1956)            0     .5070101            0            0            0            0            0            0            0
gdppc2~1953)            0            0     .0425257            0            0            0            0            0            0
gdppc2~1950)            0            0            0     .1586165            0            0            0            0            0
gdppc2~1947)            0            0            0            0     .0239817            0            0            0            0
gdppc2~1940)            0            0            0            0            0     .0229756            0            0            0
gdppc2~1935)            0            0            0            0            0            0     .0283355            0            0
urban                   0            0            0            0            0            0            0     .0003946            0
schooling               0            0            0            0            0            0            0            0     .0008093
---------------------------------------------------------------------------------------------------------------------------------
