---------------------------------------------------------------------------------------------------------------------------------
             gdppc2~1957) gdppc2~1956) gdppc2~1953) gdppc2~1950) gdppc2~1947) gdppc2~1940) gdppc2~1935)        urban    schooling
---------------------------------------------------------------------------------------------------------------------------------
gdppc2~1957)     .2164825            0            0            0            0            0            0            0            0
gdppc2~1956)            0     .5141448            0            0            0            0            0            0            0
gdppc2~1953)            0            0     .0314347            0            0            0            0            0            0
gdppc2~1950)            0            0            0     .1660619            0            0            0            0            0
gdppc2~1947)            0            0            0            0     .0210485            0            0            0            0
gdppc2~1940)            0            0            0            0            0     .0228125            0            0            0
gdppc2~1935)            0            0            0            0            0            0     .0263733            0            0
urban                   0            0            0            0            0            0            0     .0003824            0
schooling               0            0            0            0            0            0            0            0     .0012595
---------------------------------------------------------------------------------------------------------------------------------
