---------------------------------------------------------------------------------------------------------------------------------
             gdppc2~1957) gdppc2~1956) gdppc2~1953) gdppc2~1950) gdppc2~1947) gdppc2~1940) gdppc2~1935)        urban    schooling
---------------------------------------------------------------------------------------------------------------------------------
gdppc2~1957)     .1813176            0            0            0            0            0            0            0            0
gdppc2~1956)            0     .3423859            0            0            0            0            0            0            0
gdppc2~1953)            0            0     .0839375            0            0            0            0            0            0
gdppc2~1950)            0            0            0     .2881919            0            0            0            0            0
gdppc2~1947)            0            0            0            0     .0654775            0            0            0            0
gdppc2~1940)            0            0            0            0            0     .0148308            0            0            0
gdppc2~1935)            0            0            0            0            0            0     .0230477            0            0
urban                   0            0            0            0            0            0            0     .0002979            0
schooling               0            0            0            0            0            0            0            0     .0005131
---------------------------------------------------------------------------------------------------------------------------------
