--------------------------------------------------------------------------------------------------------------------
             gdppc2~1957) gdppc2~1956) gdppc2~1953) gdppc2~1950) gdppc2~1947) gdppc2~1940) gdppc2~1935)        urban
--------------------------------------------------------------------------------------------------------------------
gdppc2~1957)     .2567809            0            0            0            0            0            0            0
gdppc2~1956)            0     .4263512            0            0            0            0            0            0
gdppc2~1953)            0            0     .0499074            0            0            0            0            0
gdppc2~1950)            0            0            0     .1596742            0            0            0            0
gdppc2~1947)            0            0            0            0     .0321258            0            0            0
gdppc2~1940)            0            0            0            0            0     .0281422            0            0
gdppc2~1935)            0            0            0            0            0            0     .0465689            0
urban                   0            0            0            0            0            0            0     .0004494
--------------------------------------------------------------------------------------------------------------------
