----------------------------------------------------------------------------------------------------------------------------------------------
             gdppc2~1957) gdppc2~1956) gdppc2~1953) gdppc2~1950) gdppc2~1947) gdppc2~1940) gdppc2~1935)      gdppc23    schooling        urban
----------------------------------------------------------------------------------------------------------------------------------------------
gdppc2~1957)     .1279186            0            0            0            0            0            0            0            0            0
gdppc2~1956)            0     .0828058            0            0            0            0            0            0            0            0
gdppc2~1953)            0            0     .0875498            0            0            0            0            0            0            0
gdppc2~1950)            0            0            0     .2584522            0            0            0            0            0            0
gdppc2~1947)            0            0            0            0     .0438565            0            0            0            0            0
gdppc2~1940)            0            0            0            0            0     .0177334            0            0            0            0
gdppc2~1935)            0            0            0            0            0            0     .0926539            0            0            0
gdppc23                 0            0            0            0            0            0            0     .2853852            0            0
schooling               0            0            0            0            0            0            0            0     .0028938            0
urban                   0            0            0            0            0            0            0            0            0     .0007509
----------------------------------------------------------------------------------------------------------------------------------------------
