---------------------------------------------------------------------------------------------------------------------------------
             gdppc2~1957) gdppc2~1956) gdppc2~1953) gdppc2~1950) gdppc2~1947) gdppc2~1940) gdppc2~1935)        urban    schooling
---------------------------------------------------------------------------------------------------------------------------------
gdppc2~1957)     .2211291            0            0            0            0            0            0            0            0
gdppc2~1956)            0     .4887193            0            0            0            0            0            0            0
gdppc2~1953)            0            0     .0345826            0            0            0            0            0            0
gdppc2~1950)            0            0            0     .1752173            0            0            0            0            0
gdppc2~1947)            0            0            0            0     .0250029            0            0            0            0
gdppc2~1940)            0            0            0            0            0     .0239623            0            0            0
gdppc2~1935)            0            0            0            0            0            0     .0300942            0            0
urban                   0            0            0            0            0            0            0     .0004561            0
schooling               0            0            0            0            0            0            0            0     .0008363
---------------------------------------------------------------------------------------------------------------------------------
