----------------------------------------------------------------------------------------------------------------------------------------------
             gdppc2~1957) gdppc2~1956) gdppc2~1953) gdppc2~1950) gdppc2~1947) gdppc2~1940) gdppc2~1935)      gdppc23    schooling        urban
----------------------------------------------------------------------------------------------------------------------------------------------
gdppc2~1957)     .0559348            0            0            0            0            0            0            0            0            0
gdppc2~1956)            0     .0488595            0            0            0            0            0            0            0            0
gdppc2~1953)            0            0     .0787436            0            0            0            0            0            0            0
gdppc2~1950)            0            0            0     .2578513            0            0            0            0            0            0
gdppc2~1947)            0            0            0            0     .0540353            0            0            0            0            0
gdppc2~1940)            0            0            0            0            0     .0241786            0            0            0            0
gdppc2~1935)            0            0            0            0            0            0     .1040015            0            0            0
gdppc23                 0            0            0            0            0            0            0     .3740376            0            0
schooling               0            0            0            0            0            0            0            0     .0011615            0
urban                   0            0            0            0            0            0            0            0            0     .0011962
----------------------------------------------------------------------------------------------------------------------------------------------
