----------------------------------------------------------------------------------------------------------------------------------------------
             gdppc2~1957) gdppc2~1956) gdppc2~1953) gdppc2~1950) gdppc2~1947) gdppc2~1940) gdppc2~1935)      gdppc23    schooling        urban
----------------------------------------------------------------------------------------------------------------------------------------------
gdppc2~1957)      .051312            0            0            0            0            0            0            0            0            0
gdppc2~1956)            0     .0460078            0            0            0            0            0            0            0            0
gdppc2~1953)            0            0     .0772554            0            0            0            0            0            0            0
gdppc2~1950)            0            0            0     .2297859            0            0            0            0            0            0
gdppc2~1947)            0            0            0            0     .0687575            0            0            0            0            0
gdppc2~1940)            0            0            0            0            0     .0293357            0            0            0            0
gdppc2~1935)            0            0            0            0            0            0     .1068079            0            0            0
gdppc23                 0            0            0            0            0            0            0     .3878126            0            0
schooling               0            0            0            0            0            0            0            0     .0016339            0
urban                   0            0            0            0            0            0            0            0            0     .0012913
----------------------------------------------------------------------------------------------------------------------------------------------
