---------------------------------------------------------------------------------------------------------------------------------
             gdppc2~1957) gdppc2~1956) gdppc2~1953) gdppc2~1950) gdppc2~1947) gdppc2~1940) gdppc2~1935)        urban    schooling
---------------------------------------------------------------------------------------------------------------------------------
gdppc2~1957)     .2310572            0            0            0            0            0            0            0            0
gdppc2~1956)            0     .4921017            0            0            0            0            0            0            0
gdppc2~1953)            0            0     .0350392            0            0            0            0            0            0
gdppc2~1950)            0            0            0     .1671951            0            0            0            0            0
gdppc2~1947)            0            0            0            0     .0247533            0            0            0            0
gdppc2~1940)            0            0            0            0            0     .0231241            0            0            0
gdppc2~1935)            0            0            0            0            0            0     .0252687            0            0
urban                   0            0            0            0            0            0            0     .0004744            0
schooling               0            0            0            0            0            0            0            0     .0009865
---------------------------------------------------------------------------------------------------------------------------------
