---------------------------------------------------------------------------------------------------------------------------------
             gdppc2~1957) gdppc2~1956) gdppc2~1953) gdppc2~1950) gdppc2~1947) gdppc2~1940) gdppc2~1935)        urban    schooling
---------------------------------------------------------------------------------------------------------------------------------
gdppc2~1957)     .2055624            0            0            0            0            0            0            0            0
gdppc2~1956)            0     .4490543            0            0            0            0            0            0            0
gdppc2~1953)            0            0     .0603992            0            0            0            0            0            0
gdppc2~1950)            0            0            0     .1304162            0            0            0            0            0
gdppc2~1947)            0            0            0            0     .0356497            0            0            0            0
gdppc2~1940)            0            0            0            0            0     .0623826            0            0            0
gdppc2~1935)            0            0            0            0            0            0     .0554602            0            0
urban                   0            0            0            0            0            0            0     .0003962            0
schooling               0            0            0            0            0            0            0            0     .0006792
---------------------------------------------------------------------------------------------------------------------------------
