----------------------------------------------------------------------------------------------------------------------------------------------
             gdppc2~1957) gdppc2~1956) gdppc2~1953) gdppc2~1950) gdppc2~1947) gdppc2~1940) gdppc2~1935)      gdppc23    schooling        urban
----------------------------------------------------------------------------------------------------------------------------------------------
gdppc2~1957)      .061116            0            0            0            0            0            0            0            0            0
gdppc2~1956)            0     .0500412            0            0            0            0            0            0            0            0
gdppc2~1953)            0            0     .0657922            0            0            0            0            0            0            0
gdppc2~1950)            0            0            0     .2741855            0            0            0            0            0            0
gdppc2~1947)            0            0            0            0     .0797571            0            0            0            0            0
gdppc2~1940)            0            0            0            0            0     .0271047            0            0            0            0
gdppc2~1935)            0            0            0            0            0            0     .0917486            0            0            0
gdppc23                 0            0            0            0            0            0            0     .3475348            0            0
schooling               0            0            0            0            0            0            0            0      .001699            0
urban                   0            0            0            0            0            0            0            0            0     .0010209
----------------------------------------------------------------------------------------------------------------------------------------------
