---------------------------------------------------------------------------------------------------------------------------------
             gdppc2~1957) gdppc2~1956) gdppc2~1953) gdppc2~1950) gdppc2~1947) gdppc2~1940) gdppc2~1935)        urban    schooling
---------------------------------------------------------------------------------------------------------------------------------
gdppc2~1957)     .2313095            0            0            0            0            0            0            0            0
gdppc2~1956)            0       .47804            0            0            0            0            0            0            0
gdppc2~1953)            0            0     .0455486            0            0            0            0            0            0
gdppc2~1950)            0            0            0        .1595            0            0            0            0            0
gdppc2~1947)            0            0            0            0     .0289124            0            0            0            0
gdppc2~1940)            0            0            0            0            0     .0250784            0            0            0
gdppc2~1935)            0            0            0            0            0            0     .0302481            0            0
urban                   0            0            0            0            0            0            0     .0008451            0
schooling               0            0            0            0            0            0            0            0     .0005179
---------------------------------------------------------------------------------------------------------------------------------
