----------------------------------------------------------------------------------------------------------------------------------------------
             gdppc2~1957) gdppc2~1956) gdppc2~1953) gdppc2~1950) gdppc2~1947) gdppc2~1940) gdppc2~1935)      gdppc23    schooling        urban
----------------------------------------------------------------------------------------------------------------------------------------------
gdppc2~1957)     .0569936            0            0            0            0            0            0            0            0            0
gdppc2~1956)            0     .0656529            0            0            0            0            0            0            0            0
gdppc2~1953)            0            0     .1098269            0            0            0            0            0            0            0
gdppc2~1950)            0            0            0     .2652565            0            0            0            0            0            0
gdppc2~1947)            0            0            0            0     .0544429            0            0            0            0            0
gdppc2~1940)            0            0            0            0            0     .0251598            0            0            0            0
gdppc2~1935)            0            0            0            0            0            0      .102307            0            0            0
gdppc23                 0            0            0            0            0            0            0      .317043            0            0
schooling               0            0            0            0            0            0            0            0     .0013733            0
urban                   0            0            0            0            0            0            0            0            0      .001944
----------------------------------------------------------------------------------------------------------------------------------------------
