----------------------------------------------------------------------------------------------------------------------------------------------
             gdppc2~1957) gdppc2~1956) gdppc2~1953) gdppc2~1950) gdppc2~1947) gdppc2~1940) gdppc2~1935)      gdppc23    schooling        urban
----------------------------------------------------------------------------------------------------------------------------------------------
gdppc2~1957)     .0542782            0            0            0            0            0            0            0            0            0
gdppc2~1956)            0     .0523174            0            0            0            0            0            0            0            0
gdppc2~1953)            0            0      .074489            0            0            0            0            0            0            0
gdppc2~1950)            0            0            0      .247909            0            0            0            0            0            0
gdppc2~1947)            0            0            0            0      .078723            0            0            0            0            0
gdppc2~1940)            0            0            0            0            0     .0255773            0            0            0            0
gdppc2~1935)            0            0            0            0            0            0      .090248            0            0            0
gdppc23                 0            0            0            0            0            0            0     .3683608            0            0
schooling               0            0            0            0            0            0            0            0     .0051601            0
urban                   0            0            0            0            0            0            0            0            0     .0029371
----------------------------------------------------------------------------------------------------------------------------------------------
