---------------------------------------------------------------------------------------------------------------------------------
             gdppc2~1957) gdppc2~1956) gdppc2~1953) gdppc2~1950) gdppc2~1947) gdppc2~1940) gdppc2~1935)        urban    schooling
---------------------------------------------------------------------------------------------------------------------------------
gdppc2~1957)       .22688            0            0            0            0            0            0            0            0
gdppc2~1956)            0     .4913548            0            0            0            0            0            0            0
gdppc2~1953)            0            0      .035474            0            0            0            0            0            0
gdppc2~1950)            0            0            0     .1644628            0            0            0            0            0
gdppc2~1947)            0            0            0            0     .0248285            0            0            0            0
gdppc2~1940)            0            0            0            0            0     .0244247            0            0            0
gdppc2~1935)            0            0            0            0            0            0     .0312826            0            0
urban                   0            0            0            0            0            0            0     .0004483            0
schooling               0            0            0            0            0            0            0            0     .0008443
---------------------------------------------------------------------------------------------------------------------------------
