----------------------------------------------------------------------------------------------------------------------------------------------
             gdppc2~1957) gdppc2~1956) gdppc2~1953) gdppc2~1950) gdppc2~1947) gdppc2~1940) gdppc2~1935)      gdppc23    schooling        urban
----------------------------------------------------------------------------------------------------------------------------------------------
gdppc2~1957)     .0615973            0            0            0            0            0            0            0            0            0
gdppc2~1956)            0     .0544791            0            0            0            0            0            0            0            0
gdppc2~1953)            0            0     .0898931            0            0            0            0            0            0            0
gdppc2~1950)            0            0            0     .2823866            0            0            0            0            0            0
gdppc2~1947)            0            0            0            0     .0445269            0            0            0            0            0
gdppc2~1940)            0            0            0            0            0     .0150487            0            0            0            0
gdppc2~1935)            0            0            0            0            0            0     .1088901            0            0            0
gdppc23                 0            0            0            0            0            0            0     .3407657            0            0
schooling               0            0            0            0            0            0            0            0     .0012867            0
urban                   0            0            0            0            0            0            0            0            0     .0011256
----------------------------------------------------------------------------------------------------------------------------------------------
