---------------------------------------------------------------------------------------------------------------------------------
             gdppc2~1957) gdppc2~1956) gdppc2~1953) gdppc2~1950) gdppc2~1947) gdppc2~1940) gdppc2~1935)        urban    schooling
---------------------------------------------------------------------------------------------------------------------------------
gdppc2~1957)     .3318812            0            0            0            0            0            0            0            0
gdppc2~1956)            0      .524642            0            0            0            0            0            0            0
gdppc2~1953)            0            0     .0189485            0            0            0            0            0            0
gdppc2~1950)            0            0            0     .0737618            0            0            0            0            0
gdppc2~1947)            0            0            0            0     .0139933            0            0            0            0
gdppc2~1940)            0            0            0            0            0     .0147581            0            0            0
gdppc2~1935)            0            0            0            0            0            0     .0212843            0            0
urban                   0            0            0            0            0            0            0     .0004595            0
schooling               0            0            0            0            0            0            0            0     .0002713
---------------------------------------------------------------------------------------------------------------------------------
