---------------------------------------------------------------------------------------------------------------------------------
             gdppc2~1957) gdppc2~1956) gdppc2~1953) gdppc2~1950) gdppc2~1947) gdppc2~1940) gdppc2~1935)        urban    schooling
---------------------------------------------------------------------------------------------------------------------------------
gdppc2~1957)      .286317            0            0            0            0            0            0            0            0
gdppc2~1956)            0     .4611011            0            0            0            0            0            0            0
gdppc2~1953)            0            0     .0421516            0            0            0            0            0            0
gdppc2~1950)            0            0            0     .1155904            0            0            0            0            0
gdppc2~1947)            0            0            0            0     .0283303            0            0            0            0
gdppc2~1940)            0            0            0            0            0     .0271225            0            0            0
gdppc2~1935)            0            0            0            0            0            0     .0379661            0            0
urban                   0            0            0            0            0            0            0     .0005472            0
schooling               0            0            0            0            0            0            0            0      .000874
---------------------------------------------------------------------------------------------------------------------------------
