----------------------------------------------------------------------------------------------------------------------------------------------
             gdppc2~1957) gdppc2~1956) gdppc2~1953) gdppc2~1950) gdppc2~1947) gdppc2~1940) gdppc2~1935)      gdppc23    schooling        urban
----------------------------------------------------------------------------------------------------------------------------------------------
gdppc2~1957)     .0716795            0            0            0            0            0            0            0            0            0
gdppc2~1956)            0     .0434703            0            0            0            0            0            0            0            0
gdppc2~1953)            0            0     .0741356            0            0            0            0            0            0            0
gdppc2~1950)            0            0            0      .278034            0            0            0            0            0            0
gdppc2~1947)            0            0            0            0     .0472407            0            0            0            0            0
gdppc2~1940)            0            0            0            0            0     .0240054            0            0            0            0
gdppc2~1935)            0            0            0            0            0            0     .0919457            0            0            0
gdppc23                 0            0            0            0            0            0            0     .3673322            0            0
schooling               0            0            0            0            0            0            0            0     .0010034            0
urban                   0            0            0            0            0            0            0            0            0     .0011533
----------------------------------------------------------------------------------------------------------------------------------------------
