---------------------------------------------------------------------------------------------------------------------------------
             gdppc2~1957) gdppc2~1956) gdppc2~1953) gdppc2~1950) gdppc2~1947) gdppc2~1940) gdppc2~1935)        urban    schooling
---------------------------------------------------------------------------------------------------------------------------------
gdppc2~1957)     .2017942            0            0            0            0            0            0            0            0
gdppc2~1956)            0     .4553692            0            0            0            0            0            0            0
gdppc2~1953)            0            0     .0376762            0            0            0            0            0            0
gdppc2~1950)            0            0            0     .1842105            0            0            0            0            0
gdppc2~1947)            0            0            0            0     .0356042            0            0            0            0
gdppc2~1940)            0            0            0            0            0     .0395856            0            0            0
gdppc2~1935)            0            0            0            0            0            0     .0437312            0            0
urban                   0            0            0            0            0            0            0     .0006356            0
schooling               0            0            0            0            0            0            0            0     .0013933
---------------------------------------------------------------------------------------------------------------------------------
