---------------------------------------------------------------------------------------------------------------------------------
             gdppc1~1957) gdppc1~1956) gdppc1~1953) gdppc1~1950) gdppc1~1947) gdppc1~1940) gdppc1~1935)        urban    schooling
---------------------------------------------------------------------------------------------------------------------------------
gdppc1~1957)     .3215676            0            0            0            0            0            0            0            0
gdppc1~1956)            0     .2953214            0            0            0            0            0            0            0
gdppc1~1953)            0            0     .0737515            0            0            0            0            0            0
gdppc1~1950)            0            0            0     .1633207            0            0            0            0            0
gdppc1~1947)            0            0            0            0     .0670021            0            0            0            0
gdppc1~1940)            0            0            0            0            0     .0402588            0            0            0
gdppc1~1935)            0            0            0            0            0            0     .0370275            0            0
urban                   0            0            0            0            0            0            0     .0011396            0
schooling               0            0            0            0            0            0            0            0     .0006107
---------------------------------------------------------------------------------------------------------------------------------
