---------------------------------------------------------------------------------------------------------------------------------
             gdppc2~1957) gdppc2~1956) gdppc2~1953) gdppc2~1950) gdppc2~1947) gdppc2~1940) gdppc2~1935)        urban    schooling
---------------------------------------------------------------------------------------------------------------------------------
gdppc2~1957)     .2148749            0            0            0            0            0            0            0            0
gdppc2~1956)            0     .5044208            0            0            0            0            0            0            0
gdppc2~1953)            0            0     .0403129            0            0            0            0            0            0
gdppc2~1950)            0            0            0      .165487            0            0            0            0            0
gdppc2~1947)            0            0            0            0     .0224499            0            0            0            0
gdppc2~1940)            0            0            0            0            0      .022553            0            0            0
gdppc2~1935)            0            0            0            0            0            0      .028476            0            0
urban                   0            0            0            0            0            0            0     .0004239            0
schooling               0            0            0            0            0            0            0            0     .0010015
---------------------------------------------------------------------------------------------------------------------------------
