----------------------------------------------------------------------------------------------------------------------------------------------
             gdppc2~1957) gdppc2~1956) gdppc2~1953) gdppc2~1950) gdppc2~1947) gdppc2~1940) gdppc2~1935)      gdppc23    schooling        urban
----------------------------------------------------------------------------------------------------------------------------------------------
gdppc2~1957)     .0610734            0            0            0            0            0            0            0            0            0
gdppc2~1956)            0      .054708            0            0            0            0            0            0            0            0
gdppc2~1953)            0            0     .0745677            0            0            0            0            0            0            0
gdppc2~1950)            0            0            0     .2426614            0            0            0            0            0            0
gdppc2~1947)            0            0            0            0     .0575035            0            0            0            0            0
gdppc2~1940)            0            0            0            0            0     .0252243            0            0            0            0
gdppc2~1935)            0            0            0            0            0            0     .1039139            0            0            0
gdppc23                 0            0            0            0            0            0            0        .3767            0            0
schooling               0            0            0            0            0            0            0            0     .0023568            0
urban                   0            0            0            0            0            0            0            0            0      .001291
----------------------------------------------------------------------------------------------------------------------------------------------
