----------------------------------------------------------------------------------------------------------------------------------------------
             gdppc2~1957) gdppc2~1956) gdppc2~1953) gdppc2~1950) gdppc2~1947) gdppc2~1940) gdppc2~1935)      gdppc23    schooling        urban
----------------------------------------------------------------------------------------------------------------------------------------------
gdppc2~1957)     .0775171            0            0            0            0            0            0            0            0            0
gdppc2~1956)            0     .0650984            0            0            0            0            0            0            0            0
gdppc2~1953)            0            0     .0612695            0            0            0            0            0            0            0
gdppc2~1950)            0            0            0     .3345893            0            0            0            0            0            0
gdppc2~1947)            0            0            0            0     .0697755            0            0            0            0            0
gdppc2~1940)            0            0            0            0            0     .0222715            0            0            0            0
gdppc2~1935)            0            0            0            0            0            0     .0833328            0            0            0
gdppc23                 0            0            0            0            0            0            0     .2801891            0            0
schooling               0            0            0            0            0            0            0            0     .0009328            0
urban                   0            0            0            0            0            0            0            0            0     .0050238
----------------------------------------------------------------------------------------------------------------------------------------------
