---------------------------------------------------------------------------------------------------------------------------------
             gdppc2~1957) gdppc2~1956) gdppc2~1953) gdppc2~1950) gdppc2~1947) gdppc2~1940) gdppc2~1935)        urban    schooling
---------------------------------------------------------------------------------------------------------------------------------
gdppc2~1957)     .2323958            0            0            0            0            0            0            0            0
gdppc2~1956)            0     .4987099            0            0            0            0            0            0            0
gdppc2~1953)            0            0     .0501324            0            0            0            0            0            0
gdppc2~1950)            0            0            0     .1555779            0            0            0            0            0
gdppc2~1947)            0            0            0            0     .0236098            0            0            0            0
gdppc2~1940)            0            0            0            0            0     .0212354            0            0            0
gdppc2~1935)            0            0            0            0            0            0     .0162116            0            0
urban                   0            0            0            0            0            0            0     .0006501            0
schooling               0            0            0            0            0            0            0            0     .0014769
---------------------------------------------------------------------------------------------------------------------------------
