---------------------------------------------------------------------------------------------------------------------------------
             gdppc2~1957) gdppc2~1956) gdppc2~1953) gdppc2~1950) gdppc2~1947) gdppc2~1940) gdppc2~1935)        urban    schooling
---------------------------------------------------------------------------------------------------------------------------------
gdppc2~1957)      .228275            0            0            0            0            0            0            0            0
gdppc2~1956)            0     .4945989            0            0            0            0            0            0            0
gdppc2~1953)            0            0     .0345519            0            0            0            0            0            0
gdppc2~1950)            0            0            0     .1630832            0            0            0            0            0
gdppc2~1947)            0            0            0            0     .0243941            0            0            0            0
gdppc2~1940)            0            0            0            0            0     .0235099            0            0            0
gdppc2~1935)            0            0            0            0            0            0     .0303012            0            0
urban                   0            0            0            0            0            0            0     .0004667            0
schooling               0            0            0            0            0            0            0            0     .0008191
---------------------------------------------------------------------------------------------------------------------------------
