----------------------------------------------------------------------------------------------------------------------------------------------
             gdppc2~1957) gdppc2~1956) gdppc2~1953) gdppc2~1950) gdppc2~1947) gdppc2~1940) gdppc2~1935)      gdppc23    schooling        urban
----------------------------------------------------------------------------------------------------------------------------------------------
gdppc2~1957)     .0548031            0            0            0            0            0            0            0            0            0
gdppc2~1956)            0     .0514262            0            0            0            0            0            0            0            0
gdppc2~1953)            0            0     .0644333            0            0            0            0            0            0            0
gdppc2~1950)            0            0            0     .2231457            0            0            0            0            0            0
gdppc2~1947)            0            0            0            0     .0702751            0            0            0            0            0
gdppc2~1940)            0            0            0            0            0     .0456151            0            0            0            0
gdppc2~1935)            0            0            0            0            0            0     .1009069            0            0            0
gdppc23                 0            0            0            0            0            0            0     .3856233            0            0
schooling               0            0            0            0            0            0            0            0     .0022238            0
urban                   0            0            0            0            0            0            0            0            0     .0015475
----------------------------------------------------------------------------------------------------------------------------------------------
