----------------------------------------------------------------------------------------------------------------------------------------------
             gdppc2~1957) gdppc2~1956) gdppc2~1953) gdppc2~1950) gdppc2~1947) gdppc2~1940) gdppc2~1935)      gdppc23    schooling        urban
----------------------------------------------------------------------------------------------------------------------------------------------
gdppc2~1957)      .050947            0            0            0            0            0            0            0            0            0
gdppc2~1956)            0     .0464129            0            0            0            0            0            0            0            0
gdppc2~1953)            0            0     .0762105            0            0            0            0            0            0            0
gdppc2~1950)            0            0            0     .2491814            0            0            0            0            0            0
gdppc2~1947)            0            0            0            0      .051631            0            0            0            0            0
gdppc2~1940)            0            0            0            0            0     .0258391            0            0            0            0
gdppc2~1935)            0            0            0            0            0            0     .1069832            0            0            0
gdppc23                 0            0            0            0            0            0            0     .3905334            0            0
schooling               0            0            0            0            0            0            0            0     .0014459            0
urban                   0            0            0            0            0            0            0            0            0     .0008156
----------------------------------------------------------------------------------------------------------------------------------------------
