----------------------------------------------------------------------------------------------------------------------------------------------------------------------------------------------------------------------------------------------------------------------------------------------------------------------------------------------------------------------------------------------------------------
             gdppc2~1957) gdppc2~1956) gdppc2~1955) gdppc2~1954) gdppc2~1953) gdppc2~1952) gdppc2~1951) gdppc2~1950) gdppc2~1949) gdppc2~1948) gdppc2~1947) gdppc2~1946) gdppc2~1945) gdppc2~1944) gdppc2~1943) gdppc2~1942) gdppc2~1941) gdppc2~1940) gdppc2~1939) gdppc2~1938) gdppc2~1937) gdppc2~1936) gdppc2~1935) gdppc2~1934) gdppc2~1933) gdppc2~1932) gdppc2~1931) gdppc2~1930) gdppc2~1929) gdppc2~1928)
----------------------------------------------------------------------------------------------------------------------------------------------------------------------------------------------------------------------------------------------------------------------------------------------------------------------------------------------------------------------------------------------------------------
gdppc2~1957)     .0970409            0            0            0            0            0            0            0            0            0            0            0            0            0            0            0            0            0            0            0            0            0            0            0            0            0            0            0            0            0
gdppc2~1956)            0            0            0            0            0            0            0            0            0            0            0            0            0            0            0            0            0            0            0            0            0            0            0            0            0            0            0            0            0            0
gdppc2~1955)            0            0            0            0            0            0            0            0            0            0            0            0            0            0            0            0            0            0            0            0            0            0            0            0            0            0            0            0            0            0
gdppc2~1954)            0            0            0            0            0            0            0            0            0            0            0            0            0            0            0            0            0            0            0            0            0            0            0            0            0            0            0            0            0            0
gdppc2~1953)            0            0            0            0            0            0            0            0            0            0            0            0            0            0            0            0            0            0            0            0            0            0            0            0            0            0            0            0            0            0
gdppc2~1952)            0            0            0            0            0     .0681442            0            0            0            0            0            0            0            0            0            0            0            0            0            0            0            0            0            0            0            0            0            0            0            0
gdppc2~1951)            0            0            0            0            0            0            0            0            0            0            0            0            0            0            0            0            0            0            0            0            0            0            0            0            0            0            0            0            0            0
gdppc2~1950)            0            0            0            0            0            0            0            0            0            0            0            0            0            0            0            0            0            0            0            0            0            0            0            0            0            0            0            0            0            0
gdppc2~1949)            0            0            0            0            0            0            0            0            0            0            0            0            0            0            0            0            0            0            0            0            0            0            0            0            0            0            0            0            0            0
gdppc2~1948)            0            0            0            0            0            0            0            0            0     .0363316            0            0            0            0            0            0            0            0            0            0            0            0            0            0            0            0            0            0            0            0
gdppc2~1947)            0            0            0            0            0            0            0            0            0            0     .0497818            0            0            0            0            0            0            0            0            0            0            0            0            0            0            0            0            0            0            0
gdppc2~1946)            0            0            0            0            0            0            0            0            0            0            0     .0899627            0            0            0            0            0            0            0            0            0            0            0            0            0            0            0            0            0            0
gdppc2~1945)            0            0            0            0            0            0            0            0            0            0            0            0     .1491589            0            0            0            0            0            0            0            0            0            0            0            0            0            0            0            0            0
gdppc2~1944)            0            0            0            0            0            0            0            0            0            0            0            0            0     .1065513            0            0            0            0            0            0            0            0            0            0            0            0            0            0            0            0
gdppc2~1943)            0            0            0            0            0            0            0            0            0            0            0            0            0            0            0            0            0            0            0            0            0            0            0            0            0            0            0            0            0            0
gdppc2~1942)            0            0            0            0            0            0            0            0            0            0            0            0            0            0            0     .1052357            0            0            0            0            0            0            0            0            0            0            0            0            0            0
gdppc2~1941)            0            0            0            0            0            0            0            0            0            0            0            0            0            0            0            0     .0540682            0            0            0            0            0            0            0            0            0            0            0            0            0
gdppc2~1940)            0            0            0            0            0            0            0            0            0            0            0            0            0            0            0            0            0            0            0            0            0            0            0            0            0            0            0            0            0            0
gdppc2~1939)            0            0            0            0            0            0            0            0            0            0            0            0            0            0            0            0            0            0            0            0            0            0            0            0            0            0            0            0            0            0
gdppc2~1938)            0            0            0            0            0            0            0            0            0            0            0            0            0            0            0            0            0            0            0            0            0            0            0            0            0            0            0            0            0            0
gdppc2~1937)            0            0            0            0            0            0            0            0            0            0            0            0            0            0            0            0            0            0            0            0            0            0            0            0            0            0            0            0            0            0
gdppc2~1936)            0            0            0            0            0            0            0            0            0            0            0            0            0            0            0            0            0            0            0            0            0     .0377555            0            0            0            0            0            0            0            0
gdppc2~1935)            0            0            0            0            0            0            0            0            0            0            0            0            0            0            0            0            0            0            0            0            0            0            0            0            0            0            0            0            0            0
gdppc2~1934)            0            0            0            0            0            0            0            0            0            0            0            0            0            0            0            0            0            0            0            0            0            0            0            0            0            0            0            0            0            0
gdppc2~1933)            0            0            0            0            0            0            0            0            0            0            0            0            0            0            0            0            0            0            0            0            0            0            0            0     .0378262            0            0            0            0            0
gdppc2~1932)            0            0            0            0            0            0            0            0            0            0            0            0            0            0            0            0            0            0            0            0            0            0            0            0            0     .0687496            0            0            0            0
gdppc2~1931)            0            0            0            0            0            0            0            0            0            0            0            0            0            0            0            0            0            0            0            0            0            0            0            0            0            0     .0352431            0            0            0
gdppc2~1930)            0            0            0            0            0            0            0            0            0            0            0            0            0            0            0            0            0            0            0            0            0            0            0            0            0            0            0     .0352488            0            0
gdppc2~1929)            0            0            0            0            0            0            0            0            0            0            0            0            0            0            0            0            0            0            0            0            0            0            0            0            0            0            0            0     .0289014            0
gdppc2~1928)            0            0            0            0            0            0            0            0            0            0            0            0            0            0            0            0            0            0            0            0            0            0            0            0            0            0            0            0            0            0
----------------------------------------------------------------------------------------------------------------------------------------------------------------------------------------------------------------------------------------------------------------------------------------------------------------------------------------------------------------------------------------------------------------
