----------------------------------------------------------------------------------------------------------------------------------------------
             gdppc2~1957) gdppc2~1956) gdppc2~1953) gdppc2~1950) gdppc2~1947) gdppc2~1940) gdppc2~1935)      gdppc23    schooling        urban
----------------------------------------------------------------------------------------------------------------------------------------------
gdppc2~1957)     .0444297            0            0            0            0            0            0            0            0            0
gdppc2~1956)            0      .041473            0            0            0            0            0            0            0            0
gdppc2~1953)            0            0     .0722035            0            0            0            0            0            0            0
gdppc2~1950)            0            0            0     .2465742            0            0            0            0            0            0
gdppc2~1947)            0            0            0            0     .0397313            0            0            0            0            0
gdppc2~1940)            0            0            0            0            0     .0247834            0            0            0            0
gdppc2~1935)            0            0            0            0            0            0     .0986299            0            0            0
gdppc23                 0            0            0            0            0            0            0     .4304972            0            0
schooling               0            0            0            0            0            0            0            0      .000898            0
urban                   0            0            0            0            0            0            0            0            0     .0007798
----------------------------------------------------------------------------------------------------------------------------------------------
