----------------------------------------------------------------------------------------------------------------------------------------------
             gdppc2~1957) gdppc2~1956) gdppc2~1953) gdppc2~1950) gdppc2~1947) gdppc2~1940) gdppc2~1935)      gdppc23    schooling        urban
----------------------------------------------------------------------------------------------------------------------------------------------
gdppc2~1957)     .0464914            0            0            0            0            0            0            0            0            0
gdppc2~1956)            0      .027785            0            0            0            0            0            0            0            0
gdppc2~1953)            0            0      .225148            0            0            0            0            0            0            0
gdppc2~1950)            0            0            0     .1896668            0            0            0            0            0            0
gdppc2~1947)            0            0            0            0     .0836679            0            0            0            0            0
gdppc2~1940)            0            0            0            0            0     .0859774            0            0            0            0
gdppc2~1935)            0            0            0            0            0            0     .0634237            0            0            0
gdppc23                 0            0            0            0            0            0            0     .2642577            0            0
schooling               0            0            0            0            0            0            0            0     .0098788            0
urban                   0            0            0            0            0            0            0            0            0     .0037033
----------------------------------------------------------------------------------------------------------------------------------------------
