---------------------------------------------------------------------------------------------------------------------------------
             gdppc2~1957) gdppc2~1956) gdppc2~1953) gdppc2~1950) gdppc2~1947) gdppc2~1940) gdppc2~1935)        urban    schooling
---------------------------------------------------------------------------------------------------------------------------------
gdppc2~1957)     .2250177            0            0            0            0            0            0            0            0
gdppc2~1956)            0     .4828083            0            0            0            0            0            0            0
gdppc2~1953)            0            0     .0332535            0            0            0            0            0            0
gdppc2~1950)            0            0            0     .1611303            0            0            0            0            0
gdppc2~1947)            0            0            0            0     .0235913            0            0            0            0
gdppc2~1940)            0            0            0            0            0     .0251849            0            0            0
gdppc2~1935)            0            0            0            0            0            0     .0478377            0            0
urban                   0            0            0            0            0            0            0     .0004161            0
schooling               0            0            0            0            0            0            0            0     .0007603
---------------------------------------------------------------------------------------------------------------------------------
