----------------------------------------------------------------------------------------------------------------------------------------------
             gdppc2~1957) gdppc2~1956) gdppc2~1953) gdppc2~1950) gdppc2~1947) gdppc2~1940) gdppc2~1935)      gdppc23    schooling        urban
----------------------------------------------------------------------------------------------------------------------------------------------
gdppc2~1957)      .011028            0            0            0            0            0            0            0            0            0
gdppc2~1956)            0     .0024091            0            0            0            0            0            0            0            0
gdppc2~1953)            0            0     .0754093            0            0            0            0            0            0            0
gdppc2~1950)            0            0            0      .148089            0            0            0            0            0            0
gdppc2~1947)            0            0            0            0     .0318954            0            0            0            0            0
gdppc2~1940)            0            0            0            0            0     .0647334            0            0            0            0
gdppc2~1935)            0            0            0            0            0            0     .1289178            0            0            0
gdppc23                 0            0            0            0            0            0            0     .5346359            0            0
schooling               0            0            0            0            0            0            0            0     .0006665            0
urban                   0            0            0            0            0            0            0            0            0     .0022158
----------------------------------------------------------------------------------------------------------------------------------------------
