---------------------------------------------------------------------------------------------------------------------------------
             gdppc2~1957) gdppc2~1956) gdppc2~1953) gdppc2~1950) gdppc2~1947) gdppc2~1940) gdppc2~1935)        urban    schooling
---------------------------------------------------------------------------------------------------------------------------------
gdppc2~1957)      .256211            0            0            0            0            0            0            0            0
gdppc2~1956)            0     .5565099            0            0            0            0            0            0            0
gdppc2~1953)            0            0     .0331225            0            0            0            0            0            0
gdppc2~1950)            0            0            0     .0874287            0            0            0            0            0
gdppc2~1947)            0            0            0            0      .028564            0            0            0            0
gdppc2~1940)            0            0            0            0            0     .0141919            0            0            0
gdppc2~1935)            0            0            0            0            0            0     .0234159            0            0
urban                   0            0            0            0            0            0            0     .0002212            0
schooling               0            0            0            0            0            0            0            0     .0003349
---------------------------------------------------------------------------------------------------------------------------------
