-----------------------------------------------------------------------------------------------------------------------------------------------------------
             total_~1958) total_~1956) total_~1953) total_~1951) total_~1947) total_~1944) total_~1941) total_~1938)    adj_mad23    schooling        urban
-----------------------------------------------------------------------------------------------------------------------------------------------------------
total_~1958)     .1212148            0            0            0            0            0            0            0            0            0            0
total_~1956)            0      .106725            0            0            0            0            0            0            0            0            0
total_~1953)            0            0     .1793165            0            0            0            0            0            0            0            0
total_~1951)            0            0            0     .0567695            0            0            0            0            0            0            0
total_~1947)            0            0            0            0     .0904669            0            0            0            0            0            0
total_~1944)            0            0            0            0            0     .2149516            0            0            0            0            0
total_~1941)            0            0            0            0            0            0     .2201273            0            0            0            0
total_~1938)            0            0            0            0            0            0            0     .0083075            0            0            0
adj_mad23               0            0            0            0            0            0            0            0     .0018934            0            0
schooling               0            0            0            0            0            0            0            0            0     .0000309            0
urban                   0            0            0            0            0            0            0            0            0            0     .0001963
-----------------------------------------------------------------------------------------------------------------------------------------------------------
