-----------------------------------------------------------------------------------------------------------------------------------------------------------
             trade_~1958) trade_~1956) trade_~1953) trade_~1951) trade_~1947) trade_~1944) trade_~1941) trade_~1938)    adj_mad23    schooling        urban
-----------------------------------------------------------------------------------------------------------------------------------------------------------
trade_~1958)     .0982271            0            0            0            0            0            0            0            0            0            0
trade_~1956)            0     .2151079            0            0            0            0            0            0            0            0            0
trade_~1953)            0            0     .3562943            0            0            0            0            0            0            0            0
trade_~1951)            0            0            0     .0750825            0            0            0            0            0            0            0
trade_~1947)            0            0            0            0     .0666091            0            0            0            0            0            0
trade_~1944)            0            0            0            0            0     .0525588            0            0            0            0            0
trade_~1941)            0            0            0            0            0            0     .0473101            0            0            0            0
trade_~1938)            0            0            0            0            0            0            0      .063129            0            0            0
adj_mad23               0            0            0            0            0            0            0            0     .0180145            0            0
schooling               0            0            0            0            0            0            0            0            0     .0027474            0
urban                   0            0            0            0            0            0            0            0            0            0     .0049193
-----------------------------------------------------------------------------------------------------------------------------------------------------------
