-----------------------------------------------------------------------------------------------------------------------------------------------------------------------------------------------------------------------------------------
              trade(1958)  trade(1957)  trade(1956)  trade(1953)  trade(1950)  trade(1947)  trade(1944)  trade(1941)  trade(1938)  trade(1935)  trade(1932)  trade(1929)      gdppc23 school~1950) school~1940)  urban(1955)  urban(1950)
-----------------------------------------------------------------------------------------------------------------------------------------------------------------------------------------------------------------------------------------
trade(1958)      .1617364            0            0            0            0            0            0            0            0            0            0            0            0            0            0            0            0
trade(1957)             0            0            0            0            0            0            0            0            0            0            0            0            0            0            0            0            0
trade(1956)             0            0            0            0            0            0            0            0            0            0            0            0            0            0            0            0            0
trade(1953)             0            0            0            0            0            0            0            0            0            0            0            0            0            0            0            0            0
trade(1950)             0            0            0            0     .0993841            0            0            0            0            0            0            0            0            0            0            0            0
trade(1947)             0            0            0            0            0      .292231            0            0            0            0            0            0            0            0            0            0            0
trade(1944)             0            0            0            0            0            0            0            0            0            0            0            0            0            0            0            0            0
trade(1941)             0            0            0            0            0            0            0     .1021038            0            0            0            0            0            0            0            0            0
trade(1938)             0            0            0            0            0            0            0            0            0            0            0            0            0            0            0            0            0
trade(1935)             0            0            0            0            0            0            0            0            0     .0163475            0            0            0            0            0            0            0
trade(1932)             0            0            0            0            0            0            0            0            0            0     .0874945            0            0            0            0            0            0
trade(1929)             0            0            0            0            0            0            0            0            0            0            0     .1663305            0            0            0            0            0
gdppc23                 0            0            0            0            0            0            0            0            0            0            0            0     .0003923            0            0            0            0
school~1950)            0            0            0            0            0            0            0            0            0            0            0            0            0     .0191839            0            0            0
school~1940)            0            0            0            0            0            0            0            0            0            0            0            0            0            0     .0205935            0            0
urban(1955)             0            0            0            0            0            0            0            0            0            0            0            0            0            0            0     .0190631            0
urban(1950)             0            0            0            0            0            0            0            0            0            0            0            0            0            0            0            0     .0151395
-----------------------------------------------------------------------------------------------------------------------------------------------------------------------------------------------------------------------------------------
