-----------------------------------------------------------------------------------------------------------------------------------------------------------
              trade(1958)  trade(1956)  trade(1953)  trade(1950)  trade(1947)  trade(1944)  trade(1941)  trade(1938)  trade(1935)  trade(1932)  trade(1929)
-----------------------------------------------------------------------------------------------------------------------------------------------------------
trade(1958)       .188867            0            0            0            0            0            0            0            0            0            0
trade(1956)             0     .1055441            0            0            0            0            0            0            0            0            0
trade(1953)             0            0     .0705089            0            0            0            0            0            0            0            0
trade(1950)             0            0            0      .034928            0            0            0            0            0            0            0
trade(1947)             0            0            0            0     .0906202            0            0            0            0            0            0
trade(1944)             0            0            0            0            0     .1493218            0            0            0            0            0
trade(1941)             0            0            0            0            0            0     .0389502            0            0            0            0
trade(1938)             0            0            0            0            0            0            0     .0411504            0            0            0
trade(1935)             0            0            0            0            0            0            0            0     .0597485            0            0
trade(1932)             0            0            0            0            0            0            0            0            0      .177735            0
trade(1929)             0            0            0            0            0            0            0            0            0            0      .042626
-----------------------------------------------------------------------------------------------------------------------------------------------------------
