-----------------------------------------------------------------------------------------------------------------------------------------------------------------------------------------------------------------------------------------
              trade(1958)  trade(1957)  trade(1956)  trade(1953)  trade(1950)  trade(1947)  trade(1944)  trade(1941)  trade(1938)  trade(1935)  trade(1932)  trade(1929)      gdppc23 school~1950) school~1940)  urban(1955)  urban(1950)
-----------------------------------------------------------------------------------------------------------------------------------------------------------------------------------------------------------------------------------------
trade(1958)             0            0            0            0            0            0            0            0            0            0            0            0            0            0            0            0            0
trade(1957)             0      .135853            0            0            0            0            0            0            0            0            0            0            0            0            0            0            0
trade(1956)             0            0     .2224208            0            0            0            0            0            0            0            0            0            0            0            0            0            0
trade(1953)             0            0            0     .2293184            0            0            0            0            0            0            0            0            0            0            0            0            0
trade(1950)             0            0            0            0     .0846843            0            0            0            0            0            0            0            0            0            0            0            0
trade(1947)             0            0            0            0            0            0            0            0            0            0            0            0            0            0            0            0            0
trade(1944)             0            0            0            0            0            0            0            0            0            0            0            0            0            0            0            0            0
trade(1941)             0            0            0            0            0            0            0     .0363329            0            0            0            0            0            0            0            0            0
trade(1938)             0            0            0            0            0            0            0            0            0            0            0            0            0            0            0            0            0
trade(1935)             0            0            0            0            0            0            0            0            0     .0246711            0            0            0            0            0            0            0
trade(1932)             0            0            0            0            0            0            0            0            0            0            0            0            0            0            0            0            0
trade(1929)             0            0            0            0            0            0            0            0            0            0            0     .1441878            0            0            0            0            0
gdppc23                 0            0            0            0            0            0            0            0            0            0            0            0     .0002697            0            0            0            0
school~1950)            0            0            0            0            0            0            0            0            0            0            0            0            0     .0489652            0            0            0
school~1940)            0            0            0            0            0            0            0            0            0            0            0            0            0            0     .0483829            0            0
urban(1955)             0            0            0            0            0            0            0            0            0            0            0            0            0            0            0     .0147542            0
urban(1950)             0            0            0            0            0            0            0            0            0            0            0            0            0            0            0            0     .0101597
-----------------------------------------------------------------------------------------------------------------------------------------------------------------------------------------------------------------------------------------
