-----------------------------------------------------------------------------------------------------------------------------------------------------------------------------------------------------------------------------------------
              trade(1958)  trade(1957)  trade(1956)  trade(1953)  trade(1950)  trade(1947)  trade(1944)  trade(1941)  trade(1938)  trade(1935)  trade(1932)  trade(1929)      gdppc23 school~1950) school~1940)  urban(1955)  urban(1950)
-----------------------------------------------------------------------------------------------------------------------------------------------------------------------------------------------------------------------------------------
trade(1958)      .1443432            0            0            0            0            0            0            0            0            0            0            0            0            0            0            0            0
trade(1957)             0            0            0            0            0            0            0            0            0            0            0            0            0            0            0            0            0
trade(1956)             0            0            0            0            0            0            0            0            0            0            0            0            0            0            0            0            0
trade(1953)             0            0            0            0            0            0            0            0            0            0            0            0            0            0            0            0            0
trade(1950)             0            0            0            0     .2375824            0            0            0            0            0            0            0            0            0            0            0            0
trade(1947)             0            0            0            0            0     .3127701            0            0            0            0            0            0            0            0            0            0            0
trade(1944)             0            0            0            0            0            0            0            0            0            0            0            0            0            0            0            0            0
trade(1941)             0            0            0            0            0            0            0     .0503272            0            0            0            0            0            0            0            0            0
trade(1938)             0            0            0            0            0            0            0            0     .0729979            0            0            0            0            0            0            0            0
trade(1935)             0            0            0            0            0            0            0            0            0     .0470199            0            0            0            0            0            0            0
trade(1932)             0            0            0            0            0            0            0            0            0            0            0            0            0            0            0            0            0
trade(1929)             0            0            0            0            0            0            0            0            0            0            0     .0974086            0            0            0            0            0
gdppc23                 0            0            0            0            0            0            0            0            0            0            0            0     .0001576            0            0            0            0
school~1950)            0            0            0            0            0            0            0            0            0            0            0            0            0     .0096788            0            0            0
school~1940)            0            0            0            0            0            0            0            0            0            0            0            0            0            0     .0112643            0            0
urban(1955)             0            0            0            0            0            0            0            0            0            0            0            0            0            0            0     .0097676            0
urban(1950)             0            0            0            0            0            0            0            0            0            0            0            0            0            0            0            0     .0066824
-----------------------------------------------------------------------------------------------------------------------------------------------------------------------------------------------------------------------------------------
