----------------------------------------------------------------------------------------------------------------------------------------------------------------------------------------------------------------------------
              trade(1957)  trade(1956)  trade(1953)  trade(1950)  trade(1947)  trade(1944)  trade(1941)  trade(1938)  trade(1935)  trade(1932)  trade(1929)      gdppc23 school~1950) school~1940)  urban(1955)  urban(1950)
----------------------------------------------------------------------------------------------------------------------------------------------------------------------------------------------------------------------------
trade(1957)      .0051513            0            0            0            0            0            0            0            0            0            0            0            0            0            0            0
trade(1956)             0     .0065274            0            0            0            0            0            0            0            0            0            0            0            0            0            0
trade(1953)             0            0     .0154301            0            0            0            0            0            0            0            0            0            0            0            0            0
trade(1950)             0            0            0     .0205332            0            0            0            0            0            0            0            0            0            0            0            0
trade(1947)             0            0            0            0     .0431435            0            0            0            0            0            0            0            0            0            0            0
trade(1944)             0            0            0            0            0      .160747            0            0            0            0            0            0            0            0            0            0
trade(1941)             0            0            0            0            0            0     .2076312            0            0            0            0            0            0            0            0            0
trade(1938)             0            0            0            0            0            0            0     .2745613            0            0            0            0            0            0            0            0
trade(1935)             0            0            0            0            0            0            0            0     .1161818            0            0            0            0            0            0            0
trade(1932)             0            0            0            0            0            0            0            0            0     .0293292            0            0            0            0            0            0
trade(1929)             0            0            0            0            0            0            0            0            0            0     .0237849            0            0            0            0            0
gdppc23                 0            0            0            0            0            0            0            0            0            0            0     .0700584            0            0            0            0
school~1950)            0            0            0            0            0            0            0            0            0            0            0            0            0            0            0            0
school~1940)            0            0            0            0            0            0            0            0            0            0            0            0            0     .0122019            0            0
urban(1955)             0            0            0            0            0            0            0            0            0            0            0            0            0            0            0            0
urban(1950)             0            0            0            0            0            0            0            0            0            0            0            0            0            0            0     .0147186
----------------------------------------------------------------------------------------------------------------------------------------------------------------------------------------------------------------------------
