-----------------------------------------------------------------------------------------------------------------------------------------------------------------------------------------------------------------------------------------
              trade(1958)  trade(1957)  trade(1956)  trade(1953)  trade(1950)  trade(1947)  trade(1944)  trade(1941)  trade(1938)  trade(1935)  trade(1932)  trade(1929)      gdppc23 school~1950) school~1940)  urban(1955)  urban(1950)
-----------------------------------------------------------------------------------------------------------------------------------------------------------------------------------------------------------------------------------------
trade(1958)      .1916319            0            0            0            0            0            0            0            0            0            0            0            0            0            0            0            0
trade(1957)             0            0            0            0            0            0            0            0            0            0            0            0            0            0            0            0            0
trade(1956)             0            0     .2818078            0            0            0            0            0            0            0            0            0            0            0            0            0            0
trade(1953)             0            0            0     .2145367            0            0            0            0            0            0            0            0            0            0            0            0            0
trade(1950)             0            0            0            0     .0648533            0            0            0            0            0            0            0            0            0            0            0            0
trade(1947)             0            0            0            0            0            0            0            0            0            0            0            0            0            0            0            0            0
trade(1944)             0            0            0            0            0            0            0            0            0            0            0            0            0            0            0            0            0
trade(1941)             0            0            0            0            0            0            0     .0283264            0            0            0            0            0            0            0            0            0
trade(1938)             0            0            0            0            0            0            0            0            0            0            0            0            0            0            0            0            0
trade(1935)             0            0            0            0            0            0            0            0            0     .0255841            0            0            0            0            0            0            0
trade(1932)             0            0            0            0            0            0            0            0            0            0            0            0            0            0            0            0            0
trade(1929)             0            0            0            0            0            0            0            0            0            0            0     .0877027            0            0            0            0            0
gdppc23                 0            0            0            0            0            0            0            0            0            0            0            0     .0002954            0            0            0            0
school~1950)            0            0            0            0            0            0            0            0            0            0            0            0            0     .0463398            0            0            0
school~1940)            0            0            0            0            0            0            0            0            0            0            0            0            0            0     .0496584            0            0
urban(1955)             0            0            0            0            0            0            0            0            0            0            0            0            0            0            0     .0053591            0
urban(1950)             0            0            0            0            0            0            0            0            0            0            0            0            0            0            0            0     .0039044
-----------------------------------------------------------------------------------------------------------------------------------------------------------------------------------------------------------------------------------------
