-----------------------------------------------------------------------------------------------------------------------------------------------------------------------------------------------------------------------------------------
              trade(1958)  trade(1957)  trade(1956)  trade(1953)  trade(1950)  trade(1947)  trade(1944)  trade(1941)  trade(1938)  trade(1935)  trade(1932)  trade(1929)      gdppc23 school~1950) school~1940)  urban(1955)  urban(1950)
-----------------------------------------------------------------------------------------------------------------------------------------------------------------------------------------------------------------------------------------
trade(1958)      .1959658            0            0            0            0            0            0            0            0            0            0            0            0            0            0            0            0
trade(1957)             0            0            0            0            0            0            0            0            0            0            0            0            0            0            0            0            0
trade(1956)             0            0     .2264657            0            0            0            0            0            0            0            0            0            0            0            0            0            0
trade(1953)             0            0            0     .1494397            0            0            0            0            0            0            0            0            0            0            0            0            0
trade(1950)             0            0            0            0     .0782352            0            0            0            0            0            0            0            0            0            0            0            0
trade(1947)             0            0            0            0            0            0            0            0            0            0            0            0            0            0            0            0            0
trade(1944)             0            0            0            0            0            0            0            0            0            0            0            0            0            0            0            0            0
trade(1941)             0            0            0            0            0            0            0     .0243527            0            0            0            0            0            0            0            0            0
trade(1938)             0            0            0            0            0            0            0            0     .0762502            0            0            0            0            0            0            0            0
trade(1935)             0            0            0            0            0            0            0            0            0     .0384698            0            0            0            0            0            0            0
trade(1932)             0            0            0            0            0            0            0            0            0            0            0            0            0            0            0            0            0
trade(1929)             0            0            0            0            0            0            0            0            0            0            0     .1094152            0            0            0            0            0
gdppc23                 0            0            0            0            0            0            0            0            0            0            0            0     .0002186            0            0            0            0
school~1950)            0            0            0            0            0            0            0            0            0            0            0            0            0     .0438154            0            0            0
school~1940)            0            0            0            0            0            0            0            0            0            0            0            0            0            0     .0443629            0            0
urban(1955)             0            0            0            0            0            0            0            0            0            0            0            0            0            0            0     .0071625            0
urban(1950)             0            0            0            0            0            0            0            0            0            0            0            0            0            0            0            0     .0058465
-----------------------------------------------------------------------------------------------------------------------------------------------------------------------------------------------------------------------------------------
