-----------------------------------------------------------------------------------------------------------------------------------------------------------------------------------------------------------------------------------------
              trade(1958)  trade(1957)  trade(1956)  trade(1953)  trade(1950)  trade(1947)  trade(1944)  trade(1941)  trade(1938)  trade(1935)  trade(1932)  trade(1929)      gdppc23 school~1950) school~1940)  urban(1955)  urban(1950)
-----------------------------------------------------------------------------------------------------------------------------------------------------------------------------------------------------------------------------------------
trade(1958)      .1269744            0            0            0            0            0            0            0            0            0            0            0            0            0            0            0            0
trade(1957)             0            0            0            0            0            0            0            0            0            0            0            0            0            0            0            0            0
trade(1956)             0            0            0            0            0            0            0            0            0            0            0            0            0            0            0            0            0
trade(1953)             0            0            0            0            0            0            0            0            0            0            0            0            0            0            0            0            0
trade(1950)             0            0            0            0     .0968765            0            0            0            0            0            0            0            0            0            0            0            0
trade(1947)             0            0            0            0            0     .2791155            0            0            0            0            0            0            0            0            0            0            0
trade(1944)             0            0            0            0            0            0            0            0            0            0            0            0            0            0            0            0            0
trade(1941)             0            0            0            0            0            0            0     .1190716            0            0            0            0            0            0            0            0            0
trade(1938)             0            0            0            0            0            0            0            0     .0983964            0            0            0            0            0            0            0            0
trade(1935)             0            0            0            0            0            0            0            0            0     .0549137            0            0            0            0            0            0            0
trade(1932)             0            0            0            0            0            0            0            0            0            0            0            0            0            0            0            0            0
trade(1929)             0            0            0            0            0            0            0            0            0            0            0     .1494139            0            0            0            0            0
gdppc23                 0            0            0            0            0            0            0            0            0            0            0            0     .0028625            0            0            0            0
school~1950)            0            0            0            0            0            0            0            0            0            0            0            0            0     .0127697            0            0            0
school~1940)            0            0            0            0            0            0            0            0            0            0            0            0            0            0     .0142748            0            0
urban(1955)             0            0            0            0            0            0            0            0            0            0            0            0            0            0            0     .0196334            0
urban(1950)             0            0            0            0            0            0            0            0            0            0            0            0            0            0            0            0     .0256976
-----------------------------------------------------------------------------------------------------------------------------------------------------------------------------------------------------------------------------------------
