-----------------------------------------------------------------------------------------------------------------------------------------------------------------------------------------------------------------------------------------
              trade(1958)  trade(1957)  trade(1956)  trade(1953)  trade(1950)  trade(1947)  trade(1944)  trade(1941)  trade(1938)  trade(1935)  trade(1932)  trade(1929)      gdppc23 school~1950) school~1940)  urban(1955)  urban(1950)
-----------------------------------------------------------------------------------------------------------------------------------------------------------------------------------------------------------------------------------------
trade(1958)      .2755998            0            0            0            0            0            0            0            0            0            0            0            0            0            0            0            0
trade(1957)             0            0            0            0            0            0            0            0            0            0            0            0            0            0            0            0            0
trade(1956)             0            0     .1461186            0            0            0            0            0            0            0            0            0            0            0            0            0            0
trade(1953)             0            0            0            0            0            0            0            0            0            0            0            0            0            0            0            0            0
trade(1950)             0            0            0            0     .0728654            0            0            0            0            0            0            0            0            0            0            0            0
trade(1947)             0            0            0            0            0     .1740904            0            0            0            0            0            0            0            0            0            0            0
trade(1944)             0            0            0            0            0            0            0            0            0            0            0            0            0            0            0            0            0
trade(1941)             0            0            0            0            0            0            0     .0411907            0            0            0            0            0            0            0            0            0
trade(1938)             0            0            0            0            0            0            0            0            0            0            0            0            0            0            0            0            0
trade(1935)             0            0            0            0            0            0            0            0            0     .0265567            0            0            0            0            0            0            0
trade(1932)             0            0            0            0            0            0            0            0            0            0            0            0            0            0            0            0            0
trade(1929)             0            0            0            0            0            0            0            0            0            0            0     .1416158            0            0            0            0            0
gdppc23                 0            0            0            0            0            0            0            0            0            0            0            0      .000277            0            0            0            0
school~1950)            0            0            0            0            0            0            0            0            0            0            0            0            0     .0554419            0            0            0
school~1940)            0            0            0            0            0            0            0            0            0            0            0            0            0            0     .0563787            0            0
urban(1955)             0            0            0            0            0            0            0            0            0            0            0            0            0            0            0     .0056467            0
urban(1950)             0            0            0            0            0            0            0            0            0            0            0            0            0            0            0            0     .0042182
-----------------------------------------------------------------------------------------------------------------------------------------------------------------------------------------------------------------------------------------
