-----------------------------------------------------------------------------------------------------------------------------------------------------------------------------------------------------------------------------------------
              trade(1958)  trade(1957)  trade(1956)  trade(1953)  trade(1950)  trade(1947)  trade(1944)  trade(1941)  trade(1938)  trade(1935)  trade(1932)  trade(1929)      gdppc23 school~1950) school~1940)  urban(1955)  urban(1950)
-----------------------------------------------------------------------------------------------------------------------------------------------------------------------------------------------------------------------------------------
trade(1958)      .1809915            0            0            0            0            0            0            0            0            0            0            0            0            0            0            0            0
trade(1957)             0            0            0            0            0            0            0            0            0            0            0            0            0            0            0            0            0
trade(1956)             0            0     .2089722            0            0            0            0            0            0            0            0            0            0            0            0            0            0
trade(1953)             0            0            0     .1541908            0            0            0            0            0            0            0            0            0            0            0            0            0
trade(1950)             0            0            0            0            0            0            0            0            0            0            0            0            0            0            0            0            0
trade(1947)             0            0            0            0            0            0            0            0            0            0            0            0            0            0            0            0            0
trade(1944)             0            0            0            0            0            0            0            0            0            0            0            0            0            0            0            0            0
trade(1941)             0            0            0            0            0            0            0     .0599901            0            0            0            0            0            0            0            0            0
trade(1938)             0            0            0            0            0            0            0            0     .0683264            0            0            0            0            0            0            0            0
trade(1935)             0            0            0            0            0            0            0            0            0     .0387005            0            0            0            0            0            0            0
trade(1932)             0            0            0            0            0            0            0            0            0            0            0            0            0            0            0            0            0
trade(1929)             0            0            0            0            0            0            0            0            0            0            0     .1310581            0            0            0            0            0
gdppc23                 0            0            0            0            0            0            0            0            0            0            0            0     .0001815            0            0            0            0
school~1950)            0            0            0            0            0            0            0            0            0            0            0            0            0     .0566866            0            0            0
school~1940)            0            0            0            0            0            0            0            0            0            0            0            0            0            0     .0596884            0            0
urban(1955)             0            0            0            0            0            0            0            0            0            0            0            0            0            0            0     .0254494            0
urban(1950)             0            0            0            0            0            0            0            0            0            0            0            0            0            0            0            0     .0157645
-----------------------------------------------------------------------------------------------------------------------------------------------------------------------------------------------------------------------------------------
