-----------------------------------------------------------------------------------------------------------------------------------------------------------------------------------------------------------------------------------------
              trade(1958)  trade(1957)  trade(1956)  trade(1953)  trade(1950)  trade(1947)  trade(1944)  trade(1941)  trade(1938)  trade(1935)  trade(1932)  trade(1929)      gdppc23 school~1950) school~1940)  urban(1955)  urban(1950)
-----------------------------------------------------------------------------------------------------------------------------------------------------------------------------------------------------------------------------------------
trade(1958)       .182877            0            0            0            0            0            0            0            0            0            0            0            0            0            0            0            0
trade(1957)             0            0            0            0            0            0            0            0            0            0            0            0            0            0            0            0            0
trade(1956)             0            0     .2243078            0            0            0            0            0            0            0            0            0            0            0            0            0            0
trade(1953)             0            0            0     .1532804            0            0            0            0            0            0            0            0            0            0            0            0            0
trade(1950)             0            0            0            0     .0699537            0            0            0            0            0            0            0            0            0            0            0            0
trade(1947)             0            0            0            0            0            0            0            0            0            0            0            0            0            0            0            0            0
trade(1944)             0            0            0            0            0            0            0            0            0            0            0            0            0            0            0            0            0
trade(1941)             0            0            0            0            0            0            0      .032021            0            0            0            0            0            0            0            0            0
trade(1938)             0            0            0            0            0            0            0            0            0            0            0            0            0            0            0            0            0
trade(1935)             0            0            0            0            0            0            0            0            0      .020638            0            0            0            0            0            0            0
trade(1932)             0            0            0            0            0            0            0            0            0            0            0            0            0            0            0            0            0
trade(1929)             0            0            0            0            0            0            0            0            0            0            0     .1108843            0            0            0            0            0
gdppc23                 0            0            0            0            0            0            0            0            0            0            0            0     .0010596            0            0            0            0
school~1950)            0            0            0            0            0            0            0            0            0            0            0            0            0     .0535093            0            0            0
school~1940)            0            0            0            0            0            0            0            0            0            0            0            0            0            0      .054226            0            0
urban(1955)             0            0            0            0            0            0            0            0            0            0            0            0            0            0            0     .0503253            0
urban(1950)             0            0            0            0            0            0            0            0            0            0            0            0            0            0            0            0     .0469177
-----------------------------------------------------------------------------------------------------------------------------------------------------------------------------------------------------------------------------------------
