-----------------------------------------------------------------------------------------------------------------------------------------------------------------------------------------------------------------------------------------
              trade(1958)  trade(1957)  trade(1956)  trade(1953)  trade(1950)  trade(1947)  trade(1944)  trade(1941)  trade(1938)  trade(1935)  trade(1932)  trade(1929)      gdppc23 school~1950) school~1940)  urban(1955)  urban(1950)
-----------------------------------------------------------------------------------------------------------------------------------------------------------------------------------------------------------------------------------------
trade(1958)      .2051106            0            0            0            0            0            0            0            0            0            0            0            0            0            0            0            0
trade(1957)             0            0            0            0            0            0            0            0            0            0            0            0            0            0            0            0            0
trade(1956)             0            0            0            0            0            0            0            0            0            0            0            0            0            0            0            0            0
trade(1953)             0            0            0            0            0            0            0            0            0            0            0            0            0            0            0            0            0
trade(1950)             0            0            0            0     .1069839            0            0            0            0            0            0            0            0            0            0            0            0
trade(1947)             0            0            0            0            0            0            0            0            0            0            0            0            0            0            0            0            0
trade(1944)             0            0            0            0            0            0            0            0            0            0            0            0            0            0            0            0            0
trade(1941)             0            0            0            0            0            0            0     .0480494            0            0            0            0            0            0            0            0            0
trade(1938)             0            0            0            0            0            0            0            0     .1457228            0            0            0            0            0            0            0            0
trade(1935)             0            0            0            0            0            0            0            0            0     .0488196            0            0            0            0            0            0            0
trade(1932)             0            0            0            0            0            0            0            0            0            0     .2039175            0            0            0            0            0            0
trade(1929)             0            0            0            0            0            0            0            0            0            0            0     .1704654            0            0            0            0            0
gdppc23                 0            0            0            0            0            0            0            0            0            0            0            0     .0003159            0            0            0            0
school~1950)            0            0            0            0            0            0            0            0            0            0            0            0            0     .0164736            0            0            0
school~1940)            0            0            0            0            0            0            0            0            0            0            0            0            0            0     .0161955            0            0
urban(1955)             0            0            0            0            0            0            0            0            0            0            0            0            0            0            0     .0207723            0
urban(1950)             0            0            0            0            0            0            0            0            0            0            0            0            0            0            0            0     .0171735
-----------------------------------------------------------------------------------------------------------------------------------------------------------------------------------------------------------------------------------------
