-----------------------------------------------------------------------------------------------------------------------------------------------------------------------------------------------------------------------------------------
              trade(1958)  trade(1957)  trade(1956)  trade(1953)  trade(1950)  trade(1947)  trade(1944)  trade(1941)  trade(1938)  trade(1935)  trade(1932)  trade(1929)      gdppc23 school~1950) school~1940)  urban(1955)  urban(1950)
-----------------------------------------------------------------------------------------------------------------------------------------------------------------------------------------------------------------------------------------
trade(1958)      .1808099            0            0            0            0            0            0            0            0            0            0            0            0            0            0            0            0
trade(1957)             0            0            0            0            0            0            0            0            0            0            0            0            0            0            0            0            0
trade(1956)             0            0     .2563649            0            0            0            0            0            0            0            0            0            0            0            0            0            0
trade(1953)             0            0            0     .1617915            0            0            0            0            0            0            0            0            0            0            0            0            0
trade(1950)             0            0            0            0     .0668033            0            0            0            0            0            0            0            0            0            0            0            0
trade(1947)             0            0            0            0            0            0            0            0            0            0            0            0            0            0            0            0            0
trade(1944)             0            0            0            0            0            0            0            0            0            0            0            0            0            0            0            0            0
trade(1941)             0            0            0            0            0            0            0     .0929438            0            0            0            0            0            0            0            0            0
trade(1938)             0            0            0            0            0            0            0            0            0            0            0            0            0            0            0            0            0
trade(1935)             0            0            0            0            0            0            0            0            0     .0280913            0            0            0            0            0            0            0
trade(1932)             0            0            0            0            0            0            0            0            0            0            0            0            0            0            0            0            0
trade(1929)             0            0            0            0            0            0            0            0            0            0            0     .1170761            0            0            0            0            0
gdppc23                 0            0            0            0            0            0            0            0            0            0            0            0     .0002684            0            0            0            0
school~1950)            0            0            0            0            0            0            0            0            0            0            0            0            0     .0424546            0            0            0
school~1940)            0            0            0            0            0            0            0            0            0            0            0            0            0            0     .0435146            0            0
urban(1955)             0            0            0            0            0            0            0            0            0            0            0            0            0            0            0     .0054508            0
urban(1950)             0            0            0            0            0            0            0            0            0            0            0            0            0            0            0            0     .0044307
-----------------------------------------------------------------------------------------------------------------------------------------------------------------------------------------------------------------------------------------
