------------------------------------------------------------------------------------------------------------------------------------------------------------------------
             us_imp~1958) us_imp~1957) us_imp~1956) us_imp~1953) us_imp~1950) us_imp~1947) us_imp~1944) us_imp~1941) us_imp~1938)      gdppc23    schooling        urban
------------------------------------------------------------------------------------------------------------------------------------------------------------------------
us_imp~1958)     .1550762            0            0            0            0            0            0            0            0            0            0            0
us_imp~1957)            0      .378021            0            0            0            0            0            0            0            0            0            0
us_imp~1956)            0            0     .1556591            0            0            0            0            0            0            0            0            0
us_imp~1953)            0            0            0     .1234564            0            0            0            0            0            0            0            0
us_imp~1950)            0            0            0            0     .0564665            0            0            0            0            0            0            0
us_imp~1947)            0            0            0            0            0     .0414054            0            0            0            0            0            0
us_imp~1944)            0            0            0            0            0            0     .0630173            0            0            0            0            0
us_imp~1941)            0            0            0            0            0            0            0     .0182751            0            0            0            0
us_imp~1938)            0            0            0            0            0            0            0            0     .0064881            0            0            0
gdppc23                 0            0            0            0            0            0            0            0            0     .0016802            0            0
schooling               0            0            0            0            0            0            0            0            0            0     .0001077            0
urban                   0            0            0            0            0            0            0            0            0            0            0     .0003469
------------------------------------------------------------------------------------------------------------------------------------------------------------------------
