------------------------------------------------------------------------------------------------------------------------------------------------------------------------
             us_imp~1958) us_imp~1957) us_imp~1956) us_imp~1953) us_imp~1950) us_imp~1947) us_imp~1944) us_imp~1941) us_imp~1938)      gdppc23    schooling        urban
------------------------------------------------------------------------------------------------------------------------------------------------------------------------
us_imp~1958)     .1402929            0            0            0            0            0            0            0            0            0            0            0
us_imp~1957)            0     .4321598            0            0            0            0            0            0            0            0            0            0
us_imp~1956)            0            0     .1683422            0            0            0            0            0            0            0            0            0
us_imp~1953)            0            0            0     .0965815            0            0            0            0            0            0            0            0
us_imp~1950)            0            0            0            0     .0621343            0            0            0            0            0            0            0
us_imp~1947)            0            0            0            0            0       .03255            0            0            0            0            0            0
us_imp~1944)            0            0            0            0            0            0     .0511976            0            0            0            0            0
us_imp~1941)            0            0            0            0            0            0            0     .0113703            0            0            0            0
us_imp~1938)            0            0            0            0            0            0            0            0     .0040939            0            0            0
gdppc23                 0            0            0            0            0            0            0            0            0     .0006691            0            0
schooling               0            0            0            0            0            0            0            0            0            0     .0000617            0
urban                   0            0            0            0            0            0            0            0            0            0            0     .0005467
------------------------------------------------------------------------------------------------------------------------------------------------------------------------
