------------------------------------------------------------------------------------------------------------------------------------------------------------------------
             us_imp~1958) us_imp~1957) us_imp~1956) us_imp~1953) us_imp~1950) us_imp~1947) us_imp~1944) us_imp~1941) us_imp~1938)      gdppc23    schooling        urban
------------------------------------------------------------------------------------------------------------------------------------------------------------------------
us_imp~1958)      .160534            0            0            0            0            0            0            0            0            0            0            0
us_imp~1957)            0     .4017746            0            0            0            0            0            0            0            0            0            0
us_imp~1956)            0            0     .1484178            0            0            0            0            0            0            0            0            0
us_imp~1953)            0            0            0     .1035382            0            0            0            0            0            0            0            0
us_imp~1950)            0            0            0            0     .0527171            0            0            0            0            0            0            0
us_imp~1947)            0            0            0            0            0     .0413939            0            0            0            0            0            0
us_imp~1944)            0            0            0            0            0            0     .0664968            0            0            0            0            0
us_imp~1941)            0            0            0            0            0            0            0     .0181554            0            0            0            0
us_imp~1938)            0            0            0            0            0            0            0            0     .0051142            0            0            0
gdppc23                 0            0            0            0            0            0            0            0            0      .001236            0            0
schooling               0            0            0            0            0            0            0            0            0            0     .0000902            0
urban                   0            0            0            0            0            0            0            0            0            0            0     .0005318
------------------------------------------------------------------------------------------------------------------------------------------------------------------------
