------------------------------------------------------------------------------------------------------------------------------------------------------------------------
             us_imp~1958) us_imp~1957) us_imp~1956) us_imp~1953) us_imp~1950) us_imp~1947) us_imp~1944) us_imp~1941) us_imp~1938)      gdppc23    schooling        urban
------------------------------------------------------------------------------------------------------------------------------------------------------------------------
us_imp~1958)     .1512076            0            0            0            0            0            0            0            0            0            0            0
us_imp~1957)            0     .3907384            0            0            0            0            0            0            0            0            0            0
us_imp~1956)            0            0     .1605002            0            0            0            0            0            0            0            0            0
us_imp~1953)            0            0            0     .1164074            0            0            0            0            0            0            0            0
us_imp~1950)            0            0            0            0      .055539            0            0            0            0            0            0            0
us_imp~1947)            0            0            0            0            0     .0408616            0            0            0            0            0            0
us_imp~1944)            0            0            0            0            0            0     .0588589            0            0            0            0            0
us_imp~1941)            0            0            0            0            0            0            0     .0182819            0            0            0            0
us_imp~1938)            0            0            0            0            0            0            0            0     .0057011            0            0            0
gdppc23                 0            0            0            0            0            0            0            0            0     .0013643            0            0
schooling               0            0            0            0            0            0            0            0            0            0     .0000908            0
urban                   0            0            0            0            0            0            0            0            0            0            0     .0004488
------------------------------------------------------------------------------------------------------------------------------------------------------------------------
