------------------------------------------------------------------------------------------------------------------------------------------------------------------------
             us_imp~1958) us_imp~1957) us_imp~1956) us_imp~1953) us_imp~1950) us_imp~1947) us_imp~1944) us_imp~1941) us_imp~1938)      gdppc23    schooling        urban
------------------------------------------------------------------------------------------------------------------------------------------------------------------------
us_imp~1958)       .24611            0            0            0            0            0            0            0            0            0            0            0
us_imp~1957)            0     .5499434            0            0            0            0            0            0            0            0            0            0
us_imp~1956)            0            0     .0998552            0            0            0            0            0            0            0            0            0
us_imp~1953)            0            0            0     .0353597            0            0            0            0            0            0            0            0
us_imp~1950)            0            0            0            0     .0092193            0            0            0            0            0            0            0
us_imp~1947)            0            0            0            0            0      .029544            0            0            0            0            0            0
us_imp~1944)            0            0            0            0            0            0     .0204925            0            0            0            0            0
us_imp~1941)            0            0            0            0            0            0            0       .00677            0            0            0            0
us_imp~1938)            0            0            0            0            0            0            0            0     .0020419            0            0            0
gdppc23                 0            0            0            0            0            0            0            0            0     .0004329            0            0
schooling               0            0            0            0            0            0            0            0            0            0     .0000454            0
urban                   0            0            0            0            0            0            0            0            0            0            0     .0001856
------------------------------------------------------------------------------------------------------------------------------------------------------------------------
