------------------------------------------------------------------------------------------------------------------------------------------------------------------------
             us_imp~1958) us_imp~1957) us_imp~1956) us_imp~1953) us_imp~1950) us_imp~1947) us_imp~1944) us_imp~1941) us_imp~1938)      gdppc23    schooling        urban
------------------------------------------------------------------------------------------------------------------------------------------------------------------------
us_imp~1958)      .161165            0            0            0            0            0            0            0            0            0            0            0
us_imp~1957)            0     .4011607            0            0            0            0            0            0            0            0            0            0
us_imp~1956)            0            0     .1449738            0            0            0            0            0            0            0            0            0
us_imp~1953)            0            0            0     .1075198            0            0            0            0            0            0            0            0
us_imp~1950)            0            0            0            0     .0569306            0            0            0            0            0            0            0
us_imp~1947)            0            0            0            0            0     .0422622            0            0            0            0            0            0
us_imp~1944)            0            0            0            0            0            0     .0604408            0            0            0            0            0
us_imp~1941)            0            0            0            0            0            0            0     .0177417            0            0            0            0
us_imp~1938)            0            0            0            0            0            0            0            0     .0059935            0            0            0
gdppc23                 0            0            0            0            0            0            0            0            0      .001246            0            0
schooling               0            0            0            0            0            0            0            0            0            0     .0000803            0
urban                   0            0            0            0            0            0            0            0            0            0            0     .0004856
------------------------------------------------------------------------------------------------------------------------------------------------------------------------
