------------------------------------------------------------------------------------------------------------------------------------------------------------------------
             us_imp~1958) us_imp~1957) us_imp~1956) us_imp~1953) us_imp~1950) us_imp~1947) us_imp~1944) us_imp~1941) us_imp~1938)      gdppc23    schooling        urban
------------------------------------------------------------------------------------------------------------------------------------------------------------------------
us_imp~1958)     .1123326            0            0            0            0            0            0            0            0            0            0            0
us_imp~1957)            0     .5166269            0            0            0            0            0            0            0            0            0            0
us_imp~1956)            0            0     .2013516            0            0            0            0            0            0            0            0            0
us_imp~1953)            0            0            0     .0149124            0            0            0            0            0            0            0            0
us_imp~1950)            0            0            0            0     .0041143            0            0            0            0            0            0            0
us_imp~1947)            0            0            0            0            0     .0523937            0            0            0            0            0            0
us_imp~1944)            0            0            0            0            0            0     .0451427            0            0            0            0            0
us_imp~1941)            0            0            0            0            0            0            0     .0219671            0            0            0            0
us_imp~1938)            0            0            0            0            0            0            0            0     .0291665            0            0            0
gdppc23                 0            0            0            0            0            0            0            0            0     .0014934            0            0
schooling               0            0            0            0            0            0            0            0            0            0       .00001            0
urban                   0            0            0            0            0            0            0            0            0            0            0     .0004888
------------------------------------------------------------------------------------------------------------------------------------------------------------------------
