------------------------------------------------------------------------------------------------------------------------------------------------------------------------
             us_imp~1958) us_imp~1957) us_imp~1956) us_imp~1953) us_imp~1950) us_imp~1947) us_imp~1944) us_imp~1941) us_imp~1938)      gdppc23    schooling        urban
------------------------------------------------------------------------------------------------------------------------------------------------------------------------
us_imp~1958)     .1520584            0            0            0            0            0            0            0            0            0            0            0
us_imp~1957)            0     .3989853            0            0            0            0            0            0            0            0            0            0
us_imp~1956)            0            0      .153432            0            0            0            0            0            0            0            0            0
us_imp~1953)            0            0            0     .1104644            0            0            0            0            0            0            0            0
us_imp~1950)            0            0            0            0     .0571874            0            0            0            0            0            0            0
us_imp~1947)            0            0            0            0            0     .0454968            0            0            0            0            0            0
us_imp~1944)            0            0            0            0            0            0     .0604702            0            0            0            0            0
us_imp~1941)            0            0            0            0            0            0            0     .0144215            0            0            0            0
us_imp~1938)            0            0            0            0            0            0            0            0     .0058751            0            0            0
gdppc23                 0            0            0            0            0            0            0            0            0     .0008998            0            0
schooling               0            0            0            0            0            0            0            0            0            0     .0001623            0
urban                   0            0            0            0            0            0            0            0            0            0            0     .0005469
------------------------------------------------------------------------------------------------------------------------------------------------------------------------
