------------------------------------------------------------------------------------------------------------------------------------------------------------------------
             us_imp~1958) us_imp~1957) us_imp~1956) us_imp~1953) us_imp~1950) us_imp~1947) us_imp~1944) us_imp~1941) us_imp~1938)      gdppc23    schooling        urban
------------------------------------------------------------------------------------------------------------------------------------------------------------------------
us_imp~1958)     .1597198            0            0            0            0            0            0            0            0            0            0            0
us_imp~1957)            0     .3893557            0            0            0            0            0            0            0            0            0            0
us_imp~1956)            0            0     .1432691            0            0            0            0            0            0            0            0            0
us_imp~1953)            0            0            0     .1129532            0            0            0            0            0            0            0            0
us_imp~1950)            0            0            0            0     .0579259            0            0            0            0            0            0            0
us_imp~1947)            0            0            0            0            0     .0445592            0            0            0            0            0            0
us_imp~1944)            0            0            0            0            0            0     .0656416            0            0            0            0            0
us_imp~1941)            0            0            0            0            0            0            0     .0186374            0            0            0            0
us_imp~1938)            0            0            0            0            0            0            0            0     .0061532            0            0            0
gdppc23                 0            0            0            0            0            0            0            0            0     .0012228            0            0
schooling               0            0            0            0            0            0            0            0            0            0     .0000904            0
urban                   0            0            0            0            0            0            0            0            0            0            0     .0004717
------------------------------------------------------------------------------------------------------------------------------------------------------------------------
