------------------------------------------------------------------------------------------------------------------------------------------------------------------------
             us_imp~1958) us_imp~1957) us_imp~1956) us_imp~1953) us_imp~1950) us_imp~1947) us_imp~1944) us_imp~1941) us_imp~1938)      gdppc23    schooling        urban
------------------------------------------------------------------------------------------------------------------------------------------------------------------------
us_imp~1958)     .2093572            0            0            0            0            0            0            0            0            0            0            0
us_imp~1957)            0     .4619457            0            0            0            0            0            0            0            0            0            0
us_imp~1956)            0            0     .1211653            0            0            0            0            0            0            0            0            0
us_imp~1953)            0            0            0     .0632137            0            0            0            0            0            0            0            0
us_imp~1950)            0            0            0            0     .0218016            0            0            0            0            0            0            0
us_imp~1947)            0            0            0            0            0     .0374005            0            0            0            0            0            0
us_imp~1944)            0            0            0            0            0            0     .0618083            0            0            0            0            0
us_imp~1941)            0            0            0            0            0            0            0     .0167758            0            0            0            0
us_imp~1938)            0            0            0            0            0            0            0            0     .0046093            0            0            0
gdppc23                 0            0            0            0            0            0            0            0            0     .0012517            0            0
schooling               0            0            0            0            0            0            0            0            0            0     .0001013            0
urban                   0            0            0            0            0            0            0            0            0            0            0     .0005697
------------------------------------------------------------------------------------------------------------------------------------------------------------------------
