------------------------------------------------------------------------------------------------------------------------------------------------------------------------
             us_imp~1958) us_imp~1957) us_imp~1956) us_imp~1953) us_imp~1950) us_imp~1947) us_imp~1944) us_imp~1941) us_imp~1938)      gdppc23    schooling        urban
------------------------------------------------------------------------------------------------------------------------------------------------------------------------
us_imp~1958)     .1371391            0            0            0            0            0            0            0            0            0            0            0
us_imp~1957)            0     .3793047            0            0            0            0            0            0            0            0            0            0
us_imp~1956)            0            0     .1300508            0            0            0            0            0            0            0            0            0
us_imp~1953)            0            0            0     .1134443            0            0            0            0            0            0            0            0
us_imp~1950)            0            0            0            0     .0707488            0            0            0            0            0            0            0
us_imp~1947)            0            0            0            0            0     .0621905            0            0            0            0            0            0
us_imp~1944)            0            0            0            0            0            0     .0735416            0            0            0            0            0
us_imp~1941)            0            0            0            0            0            0            0     .0214152            0            0            0            0
us_imp~1938)            0            0            0            0            0            0            0            0     .0103639            0            0            0
gdppc23                 0            0            0            0            0            0            0            0            0     .0013661            0            0
schooling               0            0            0            0            0            0            0            0            0            0     .0000635            0
urban                   0            0            0            0            0            0            0            0            0            0            0     .0003716
------------------------------------------------------------------------------------------------------------------------------------------------------------------------
