------------------------------------------------------------------------------------------------------------------------------------------------------------------------
             us_imp~1958) us_imp~1957) us_imp~1956) us_imp~1953) us_imp~1950) us_imp~1947) us_imp~1944) us_imp~1941) us_imp~1938)      gdppc23    schooling        urban
------------------------------------------------------------------------------------------------------------------------------------------------------------------------
us_imp~1958)     .1253266            0            0            0            0            0            0            0            0            0            0            0
us_imp~1957)            0     .2281846            0            0            0            0            0            0            0            0            0            0
us_imp~1956)            0            0      .094467            0            0            0            0            0            0            0            0            0
us_imp~1953)            0            0            0     .1757127            0            0            0            0            0            0            0            0
us_imp~1950)            0            0            0            0     .0849988            0            0            0            0            0            0            0
us_imp~1947)            0            0            0            0            0     .0927197            0            0            0            0            0            0
us_imp~1944)            0            0            0            0            0            0     .1375395            0            0            0            0            0
us_imp~1941)            0            0            0            0            0            0            0     .0420793            0            0            0            0
us_imp~1938)            0            0            0            0            0            0            0            0     .0165598            0            0            0
gdppc23                 0            0            0            0            0            0            0            0            0     .0014437            0            0
schooling               0            0            0            0            0            0            0            0            0            0     .0001119            0
urban                   0            0            0            0            0            0            0            0            0            0            0     .0008566
------------------------------------------------------------------------------------------------------------------------------------------------------------------------
