------------------------------------------------------------------------------------------------------------------------------------------------------------------------
             us_imp~1958) us_imp~1957) us_imp~1956) us_imp~1953) us_imp~1950) us_imp~1947) us_imp~1944) us_imp~1941) us_imp~1938)      gdppc23    schooling        urban
------------------------------------------------------------------------------------------------------------------------------------------------------------------------
us_imp~1958)     .1153093            0            0            0            0            0            0            0            0            0            0            0
us_imp~1957)            0     .3878944            0            0            0            0            0            0            0            0            0            0
us_imp~1956)            0            0     .1765596            0            0            0            0            0            0            0            0            0
us_imp~1953)            0            0            0     .1039955            0            0            0            0            0            0            0            0
us_imp~1950)            0            0            0            0     .0642898            0            0            0            0            0            0            0
us_imp~1947)            0            0            0            0            0     .0465709            0            0            0            0            0            0
us_imp~1944)            0            0            0            0            0            0     .0520612            0            0            0            0            0
us_imp~1941)            0            0            0            0            0            0            0     .0443134            0            0            0            0
us_imp~1938)            0            0            0            0            0            0            0            0      .007722            0            0            0
gdppc23                 0            0            0            0            0            0            0            0            0     .0004719            0            0
schooling               0            0            0            0            0            0            0            0            0            0     .0001742            0
urban                   0            0            0            0            0            0            0            0            0            0            0     .0006379
------------------------------------------------------------------------------------------------------------------------------------------------------------------------
