------------------------------------------------------------------------------------------------------------------------------------------------------------------------
             us_imp~1958) us_imp~1957) us_imp~1956) us_imp~1953) us_imp~1950) us_imp~1947) us_imp~1944) us_imp~1941) us_imp~1938)      gdppc23    schooling        urban
------------------------------------------------------------------------------------------------------------------------------------------------------------------------
us_imp~1958)     .1689656            0            0            0            0            0            0            0            0            0            0            0
us_imp~1957)            0     .4648417            0            0            0            0            0            0            0            0            0            0
us_imp~1956)            0            0      .135993            0            0            0            0            0            0            0            0            0
us_imp~1953)            0            0            0     .0836694            0            0            0            0            0            0            0            0
us_imp~1950)            0            0            0            0      .037522            0            0            0            0            0            0            0
us_imp~1947)            0            0            0            0            0     .0376923            0            0            0            0            0            0
us_imp~1944)            0            0            0            0            0            0     .0499779            0            0            0            0            0
us_imp~1941)            0            0            0            0            0            0            0      .016006            0            0            0            0
us_imp~1938)            0            0            0            0            0            0            0            0     .0038224            0            0            0
gdppc23                 0            0            0            0            0            0            0            0            0      .001052            0            0
schooling               0            0            0            0            0            0            0            0            0            0     .0000718            0
urban                   0            0            0            0            0            0            0            0            0            0            0     .0003858
------------------------------------------------------------------------------------------------------------------------------------------------------------------------
