------------------------------------------------------------------------------------------------------------------------------------------------------------------------
             us_imp~1958) us_imp~1957) us_imp~1956) us_imp~1953) us_imp~1950) us_imp~1947) us_imp~1944) us_imp~1941) us_imp~1938)      gdppc23    schooling        urban
------------------------------------------------------------------------------------------------------------------------------------------------------------------------
us_imp~1958)     .1611891            0            0            0            0            0            0            0            0            0            0            0
us_imp~1957)            0      .379277            0            0            0            0            0            0            0            0            0            0
us_imp~1956)            0            0     .1377863            0            0            0            0            0            0            0            0            0
us_imp~1953)            0            0            0     .1169553            0            0            0            0            0            0            0            0
us_imp~1950)            0            0            0            0     .0602366            0            0            0            0            0            0            0
us_imp~1947)            0            0            0            0            0     .0477042            0            0            0            0            0            0
us_imp~1944)            0            0            0            0            0            0     .0690486            0            0            0            0            0
us_imp~1941)            0            0            0            0            0            0            0     .0192349            0            0            0            0
us_imp~1938)            0            0            0            0            0            0            0            0     .0065824            0            0            0
gdppc23                 0            0            0            0            0            0            0            0            0     .0013512            0            0
schooling               0            0            0            0            0            0            0            0            0            0     .0001055            0
urban                   0            0            0            0            0            0            0            0            0            0            0      .000529
------------------------------------------------------------------------------------------------------------------------------------------------------------------------
