------------------------------------------------------------------------------------------------------------------------------------------------------------------------
             us_imp~1958) us_imp~1957) us_imp~1956) us_imp~1953) us_imp~1950) us_imp~1947) us_imp~1944) us_imp~1941) us_imp~1938)      gdppc23    schooling        urban
------------------------------------------------------------------------------------------------------------------------------------------------------------------------
us_imp~1958)     .1861403            0            0            0            0            0            0            0            0            0            0            0
us_imp~1957)            0     .3699305            0            0            0            0            0            0            0            0            0            0
us_imp~1956)            0            0     .0996396            0            0            0            0            0            0            0            0            0
us_imp~1953)            0            0            0     .1035272            0            0            0            0            0            0            0            0
us_imp~1950)            0            0            0            0     .0653666            0            0            0            0            0            0            0
us_imp~1947)            0            0            0            0            0     .0571387            0            0            0            0            0            0
us_imp~1944)            0            0            0            0            0            0     .0876801            0            0            0            0            0
us_imp~1941)            0            0            0            0            0            0            0     .0198894            0            0            0            0
us_imp~1938)            0            0            0            0            0            0            0            0      .008666            0            0            0
gdppc23                 0            0            0            0            0            0            0            0            0     .0012147            0            0
schooling               0            0            0            0            0            0            0            0            0            0     .0000932            0
urban                   0            0            0            0            0            0            0            0            0            0            0     .0007136
------------------------------------------------------------------------------------------------------------------------------------------------------------------------
