------------------------------------------------------------------------------------------------------------------------------------------------------------------------
             us_tra~1958) us_tra~1957) us_tra~1956) us_tra~1953) us_tra~1950) us_tra~1947) us_tra~1944) us_tra~1941) us_tra~1938)      gdppc23    schooling        urban
------------------------------------------------------------------------------------------------------------------------------------------------------------------------
us_tra~1958)      .189808            0            0            0            0            0            0            0            0            0            0            0
us_tra~1957)            0     .2760789            0            0            0            0            0            0            0            0            0            0
us_tra~1956)            0            0     .0743441            0            0            0            0            0            0            0            0            0
us_tra~1953)            0            0            0     .1440384            0            0            0            0            0            0            0            0
us_tra~1950)            0            0            0            0     .0553387            0            0            0            0            0            0            0
us_tra~1947)            0            0            0            0            0     .0802232            0            0            0            0            0            0
us_tra~1944)            0            0            0            0            0            0     .0724949            0            0            0            0            0
us_tra~1941)            0            0            0            0            0            0            0     .0877755            0            0            0            0
us_tra~1938)            0            0            0            0            0            0            0            0     .0186405            0            0            0
gdppc23                 0            0            0            0            0            0            0            0            0      .000532            0            0
schooling               0            0            0            0            0            0            0            0            0            0     .0001298            0
urban                   0            0            0            0            0            0            0            0            0            0            0     .0005959
------------------------------------------------------------------------------------------------------------------------------------------------------------------------
