------------------------------------------------------------------------------------------------------------------------------------------------------------------------
             us_tra~1958) us_tra~1957) us_tra~1956) us_tra~1953) us_tra~1950) us_tra~1947) us_tra~1944) us_tra~1941) us_tra~1938)      gdppc23    schooling        urban
------------------------------------------------------------------------------------------------------------------------------------------------------------------------
us_tra~1958)     .1968358            0            0            0            0            0            0            0            0            0            0            0
us_tra~1957)            0     .3045978            0            0            0            0            0            0            0            0            0            0
us_tra~1956)            0            0     .1196938            0            0            0            0            0            0            0            0            0
us_tra~1953)            0            0            0     .1656281            0            0            0            0            0            0            0            0
us_tra~1950)            0            0            0            0     .0672941            0            0            0            0            0            0            0
us_tra~1947)            0            0            0            0            0     .0460492            0            0            0            0            0            0
us_tra~1944)            0            0            0            0            0            0     .0244124            0            0            0            0            0
us_tra~1941)            0            0            0            0            0            0            0     .0528021            0            0            0            0
us_tra~1938)            0            0            0            0            0            0            0            0     .0211741            0            0            0
gdppc23                 0            0            0            0            0            0            0            0            0     .0001839            0            0
schooling               0            0            0            0            0            0            0            0            0            0     .0002923            0
urban                   0            0            0            0            0            0            0            0            0            0            0     .0010363
------------------------------------------------------------------------------------------------------------------------------------------------------------------------
