-----------------------------------------------------------------------------------------------------------------------------------------------------------
             us_tra~1957) us_tra~1956) us_tra~1953) us_tra~1950) us_tra~1947) us_tra~1944) us_tra~1941) us_tra~1938)      gdppc23    schooling        urban
-----------------------------------------------------------------------------------------------------------------------------------------------------------
us_tra~1957)     .0167304            0            0            0            0            0            0            0            0            0            0
us_tra~1956)            0      .032579            0            0            0            0            0            0            0            0            0
us_tra~1953)            0            0     .2234872            0            0            0            0            0            0            0            0
us_tra~1950)            0            0            0     .1678902            0            0            0            0            0            0            0
us_tra~1947)            0            0            0            0     .0402997            0            0            0            0            0            0
us_tra~1944)            0            0            0            0            0     .3198975            0            0            0            0            0
us_tra~1941)            0            0            0            0            0            0     .1627791            0            0            0            0
us_tra~1938)            0            0            0            0            0            0            0      .015579            0            0            0
gdppc23                 0            0            0            0            0            0            0            0     .0065811            0            0
schooling               0            0            0            0            0            0            0            0            0     .0038928            0
urban                   0            0            0            0            0            0            0            0            0            0     .0102838
-----------------------------------------------------------------------------------------------------------------------------------------------------------
