------------------------------------------------------------------------------------------------------------------------------------------------------------------------
             us_tra~1958) us_tra~1957) us_tra~1956) us_tra~1953) us_tra~1950) us_tra~1947) us_tra~1944) us_tra~1941) us_tra~1938)      gdppc23    schooling        urban
------------------------------------------------------------------------------------------------------------------------------------------------------------------------
us_tra~1958)     .1560425            0            0            0            0            0            0            0            0            0            0            0
us_tra~1957)            0     .1616846            0            0            0            0            0            0            0            0            0            0
us_tra~1956)            0            0     .1028924            0            0            0            0            0            0            0            0            0
us_tra~1953)            0            0            0     .2651779            0            0            0            0            0            0            0            0
us_tra~1950)            0            0            0            0     .1473347            0            0            0            0            0            0            0
us_tra~1947)            0            0            0            0            0     .0733837            0            0            0            0            0            0
us_tra~1944)            0            0            0            0            0            0      .044149            0            0            0            0            0
us_tra~1941)            0            0            0            0            0            0            0     .0429663            0            0            0            0
us_tra~1938)            0            0            0            0            0            0            0            0     .0026363            0            0            0
gdppc23                 0            0            0            0            0            0            0            0            0     .0026564            0            0
schooling               0            0            0            0            0            0            0            0            0            0     .0005694            0
urban                   0            0            0            0            0            0            0            0            0            0            0     .0005068
------------------------------------------------------------------------------------------------------------------------------------------------------------------------
