------------------------------------------------------------------------------------------------------------------------------------------------------------------------
             us_tra~1958) us_tra~1957) us_tra~1956) us_tra~1953) us_tra~1950) us_tra~1947) us_tra~1944) us_tra~1941) us_tra~1938)      gdppc23    schooling        urban
------------------------------------------------------------------------------------------------------------------------------------------------------------------------
us_tra~1958)     .1500816            0            0            0            0            0            0            0            0            0            0            0
us_tra~1957)            0     .1941375            0            0            0            0            0            0            0            0            0            0
us_tra~1956)            0            0     .1870873            0            0            0            0            0            0            0            0            0
us_tra~1953)            0            0            0     .2582797            0            0            0            0            0            0            0            0
us_tra~1950)            0            0            0            0     .1060278            0            0            0            0            0            0            0
us_tra~1947)            0            0            0            0            0     .0349665            0            0            0            0            0            0
us_tra~1944)            0            0            0            0            0            0     .0198254            0            0            0            0            0
us_tra~1941)            0            0            0            0            0            0            0     .0341102            0            0            0            0
us_tra~1938)            0            0            0            0            0            0            0            0     .0132094            0            0            0
gdppc23                 0            0            0            0            0            0            0            0            0     .0009871            0            0
schooling               0            0            0            0            0            0            0            0            0            0     .0002831            0
urban                   0            0            0            0            0            0            0            0            0            0            0     .0010045
------------------------------------------------------------------------------------------------------------------------------------------------------------------------
