------------------------------------------------------------------------------------------------------------------------------------------------------------------------
             us_tra~1958) us_tra~1957) us_tra~1956) us_tra~1953) us_tra~1950) us_tra~1947) us_tra~1944) us_tra~1941) us_tra~1938)      gdppc23    schooling        urban
------------------------------------------------------------------------------------------------------------------------------------------------------------------------
us_tra~1958)     .1922837            0            0            0            0            0            0            0            0            0            0            0
us_tra~1957)            0     .2582534            0            0            0            0            0            0            0            0            0            0
us_tra~1956)            0            0     .1351611            0            0            0            0            0            0            0            0            0
us_tra~1953)            0            0            0     .1284818            0            0            0            0            0            0            0            0
us_tra~1950)            0            0            0            0     .0754953            0            0            0            0            0            0            0
us_tra~1947)            0            0            0            0            0     .0622521            0            0            0            0            0            0
us_tra~1944)            0            0            0            0            0            0      .020068            0            0            0            0            0
us_tra~1941)            0            0            0            0            0            0            0     .1078666            0            0            0            0
us_tra~1938)            0            0            0            0            0            0            0            0     .0186671            0            0            0
gdppc23                 0            0            0            0            0            0            0            0            0     .0001496            0            0
schooling               0            0            0            0            0            0            0            0            0            0     .0002539            0
urban                   0            0            0            0            0            0            0            0            0            0            0     .0010673
------------------------------------------------------------------------------------------------------------------------------------------------------------------------
