------------------------------------------------------------------------------------------------------------------------------------------------------------------------
             us_tra~1958) us_tra~1957) us_tra~1956) us_tra~1953) us_tra~1950) us_tra~1947) us_tra~1944) us_tra~1941) us_tra~1938)      gdppc23    schooling        urban
------------------------------------------------------------------------------------------------------------------------------------------------------------------------
us_tra~1958)     .2778804            0            0            0            0            0            0            0            0            0            0            0
us_tra~1957)            0     .3039308            0            0            0            0            0            0            0            0            0            0
us_tra~1956)            0            0     .0729108            0            0            0            0            0            0            0            0            0
us_tra~1953)            0            0            0      .133876            0            0            0            0            0            0            0            0
us_tra~1950)            0            0            0            0     .0591524            0            0            0            0            0            0            0
us_tra~1947)            0            0            0            0            0     .0654783            0            0            0            0            0            0
us_tra~1944)            0            0            0            0            0            0     .0263754            0            0            0            0            0
us_tra~1941)            0            0            0            0            0            0            0     .0335547            0            0            0            0
us_tra~1938)            0            0            0            0            0            0            0            0      .025641            0            0            0
gdppc23                 0            0            0            0            0            0            0            0            0     .0001909            0            0
schooling               0            0            0            0            0            0            0            0            0            0     .0001749            0
urban                   0            0            0            0            0            0            0            0            0            0            0     .0008345
------------------------------------------------------------------------------------------------------------------------------------------------------------------------
