------------------------------------------------------------------------------------------------------------------------------------------------------------------------
             us_tra~1958) us_tra~1957) us_tra~1956) us_tra~1953) us_tra~1950) us_tra~1947) us_tra~1944) us_tra~1941) us_tra~1938)      gdppc23    schooling        urban
------------------------------------------------------------------------------------------------------------------------------------------------------------------------
us_tra~1958)     .1637028            0            0            0            0            0            0            0            0            0            0            0
us_tra~1957)            0     .2970835            0            0            0            0            0            0            0            0            0            0
us_tra~1956)            0            0     .0850108            0            0            0            0            0            0            0            0            0
us_tra~1953)            0            0            0     .1613538            0            0            0            0            0            0            0            0
us_tra~1950)            0            0            0            0     .1165077            0            0            0            0            0            0            0
us_tra~1947)            0            0            0            0            0     .0521516            0            0            0            0            0            0
us_tra~1944)            0            0            0            0            0            0     .0309599            0            0            0            0            0
us_tra~1941)            0            0            0            0            0            0            0     .0672339            0            0            0            0
us_tra~1938)            0            0            0            0            0            0            0            0     .0245265            0            0            0
gdppc23                 0            0            0            0            0            0            0            0            0     .0002916            0            0
schooling               0            0            0            0            0            0            0            0            0            0     .0001614            0
urban                   0            0            0            0            0            0            0            0            0            0            0     .0010167
------------------------------------------------------------------------------------------------------------------------------------------------------------------------
