------------------------------------------------------------------------------------------------------------------------------------------------------------------------
             us_tra~1958) us_tra~1957) us_tra~1956) us_tra~1953) us_tra~1950) us_tra~1947) us_tra~1944) us_tra~1941) us_tra~1938)      gdppc23    schooling        urban
------------------------------------------------------------------------------------------------------------------------------------------------------------------------
us_tra~1958)     .1008806            0            0            0            0            0            0            0            0            0            0            0
us_tra~1957)            0     .2349047            0            0            0            0            0            0            0            0            0            0
us_tra~1956)            0            0     .1904635            0            0            0            0            0            0            0            0            0
us_tra~1953)            0            0            0     .2294976            0            0            0            0            0            0            0            0
us_tra~1950)            0            0            0            0     .1543776            0            0            0            0            0            0            0
us_tra~1947)            0            0            0            0            0     .0324898            0            0            0            0            0            0
us_tra~1944)            0            0            0            0            0            0     .0230946            0            0            0            0            0
us_tra~1941)            0            0            0            0            0            0            0     .0251441            0            0            0            0
us_tra~1938)            0            0            0            0            0            0            0            0     .0062458            0            0            0
gdppc23                 0            0            0            0            0            0            0            0            0     .0001037            0            0
schooling               0            0            0            0            0            0            0            0            0            0     .0007514            0
urban                   0            0            0            0            0            0            0            0            0            0            0     .0020466
------------------------------------------------------------------------------------------------------------------------------------------------------------------------
