------------------------------------------------------------------------------------------------------------------------------------------------------------------------
             us_tra~1958) us_tra~1957) us_tra~1956) us_tra~1953) us_tra~1950) us_tra~1947) us_tra~1944) us_tra~1941) us_tra~1938)      gdppc23    schooling        urban
------------------------------------------------------------------------------------------------------------------------------------------------------------------------
us_tra~1958)     .2622659            0            0            0            0            0            0            0            0            0            0            0
us_tra~1957)            0     .3885574            0            0            0            0            0            0            0            0            0            0
us_tra~1956)            0            0     .0998449            0            0            0            0            0            0            0            0            0
us_tra~1953)            0            0            0     .1181407            0            0            0            0            0            0            0            0
us_tra~1950)            0            0            0            0     .0480023            0            0            0            0            0            0            0
us_tra~1947)            0            0            0            0            0     .0307233            0            0            0            0            0            0
us_tra~1944)            0            0            0            0            0            0     .0156225            0            0            0            0            0
us_tra~1941)            0            0            0            0            0            0            0      .029744            0            0            0            0
us_tra~1938)            0            0            0            0            0            0            0            0     .0053834            0            0            0
gdppc23                 0            0            0            0            0            0            0            0            0     .0004141            0            0
schooling               0            0            0            0            0            0            0            0            0            0     .0001723            0
urban                   0            0            0            0            0            0            0            0            0            0            0     .0011292
------------------------------------------------------------------------------------------------------------------------------------------------------------------------
