-----------------------------------------------------------------------------------------------------------------------------------------------------------
             us_tra~1958) us_tra~1956) us_tra~1953) us_tra~1951) us_tra~1947) us_tra~1944) us_tra~1941) us_tra~1938)    adj_mad23    schooling        urban
-----------------------------------------------------------------------------------------------------------------------------------------------------------
us_tra~1958)     .0322532            0            0            0            0            0            0            0            0            0            0
us_tra~1956)            0     .1919059            0            0            0            0            0            0            0            0            0
us_tra~1953)            0            0     .3444614            0            0            0            0            0            0            0            0
us_tra~1951)            0            0            0     .2063608            0            0            0            0            0            0            0
us_tra~1947)            0            0            0            0     .0792144            0            0            0            0            0            0
us_tra~1944)            0            0            0            0            0     .0119116            0            0            0            0            0
us_tra~1941)            0            0            0            0            0            0     .0107846            0            0            0            0
us_tra~1938)            0            0            0            0            0            0            0     .1203822            0            0            0
adj_mad23               0            0            0            0            0            0            0            0     .0017221            0            0
schooling               0            0            0            0            0            0            0            0            0     .0001789            0
urban                   0            0            0            0            0            0            0            0            0            0     .0008249
-----------------------------------------------------------------------------------------------------------------------------------------------------------
