------------------------------------------------------------------------------------------------------------------------------------------------------------------------
             us_tra~1958) us_tra~1957) us_tra~1956) us_tra~1953) us_tra~1950) us_tra~1947) us_tra~1944) us_tra~1941) us_tra~1938)      gdppc23    schooling        urban
------------------------------------------------------------------------------------------------------------------------------------------------------------------------
us_tra~1958)     .2260818            0            0            0            0            0            0            0            0            0            0            0
us_tra~1957)            0     .3198399            0            0            0            0            0            0            0            0            0            0
us_tra~1956)            0            0     .1193923            0            0            0            0            0            0            0            0            0
us_tra~1953)            0            0            0     .1541524            0            0            0            0            0            0            0            0
us_tra~1950)            0            0            0            0     .0332799            0            0            0            0            0            0            0
us_tra~1947)            0            0            0            0            0      .055079            0            0            0            0            0            0
us_tra~1944)            0            0            0            0            0            0     .0317468            0            0            0            0            0
us_tra~1941)            0            0            0            0            0            0            0      .041173            0            0            0            0
us_tra~1938)            0            0            0            0            0            0            0            0     .0174521            0            0            0
gdppc23                 0            0            0            0            0            0            0            0            0     .0004289            0            0
schooling               0            0            0            0            0            0            0            0            0            0      .000252            0
urban                   0            0            0            0            0            0            0            0            0            0            0     .0011219
------------------------------------------------------------------------------------------------------------------------------------------------------------------------
