------------------------------------------------------------------------------------------------------------------------------------------------------------------------
             us_tra~1958) us_tra~1957) us_tra~1956) us_tra~1953) us_tra~1950) us_tra~1947) us_tra~1944) us_tra~1941) us_tra~1938)      gdppc23    schooling        urban
------------------------------------------------------------------------------------------------------------------------------------------------------------------------
us_tra~1958)     .2064751            0            0            0            0            0            0            0            0            0            0            0
us_tra~1957)            0     .2480014            0            0            0            0            0            0            0            0            0            0
us_tra~1956)            0            0     .0957469            0            0            0            0            0            0            0            0            0
us_tra~1953)            0            0            0     .1571653            0            0            0            0            0            0            0            0
us_tra~1950)            0            0            0            0     .0998812            0            0            0            0            0            0            0
us_tra~1947)            0            0            0            0            0     .0633654            0            0            0            0            0            0
us_tra~1944)            0            0            0            0            0            0     .0202933            0            0            0            0            0
us_tra~1941)            0            0            0            0            0            0            0     .0912815            0            0            0            0
us_tra~1938)            0            0            0            0            0            0            0            0     .0162158            0            0            0
gdppc23                 0            0            0            0            0            0            0            0            0     .0005847            0            0
schooling               0            0            0            0            0            0            0            0            0            0     .0002687            0
urban                   0            0            0            0            0            0            0            0            0            0            0     .0007209
------------------------------------------------------------------------------------------------------------------------------------------------------------------------
