------------------------------------------------------------------------------------------------------------------------------------------------------------------------
             us_tra~1958) us_tra~1957) us_tra~1956) us_tra~1953) us_tra~1950) us_tra~1947) us_tra~1944) us_tra~1941) us_tra~1938)      gdppc23    schooling        urban
------------------------------------------------------------------------------------------------------------------------------------------------------------------------
us_tra~1958)     .1830671            0            0            0            0            0            0            0            0            0            0            0
us_tra~1957)            0     .2962366            0            0            0            0            0            0            0            0            0            0
us_tra~1956)            0            0     .0716313            0            0            0            0            0            0            0            0            0
us_tra~1953)            0            0            0     .2764092            0            0            0            0            0            0            0            0
us_tra~1950)            0            0            0            0     .0596562            0            0            0            0            0            0            0
us_tra~1947)            0            0            0            0            0     .0449973            0            0            0            0            0            0
us_tra~1944)            0            0            0            0            0            0     .0243179            0            0            0            0            0
us_tra~1941)            0            0            0            0            0            0            0     .0343522            0            0            0            0
us_tra~1938)            0            0            0            0            0            0            0            0     .0082494            0            0            0
gdppc23                 0            0            0            0            0            0            0            0            0      .000224            0            0
schooling               0            0            0            0            0            0            0            0            0            0     .0001342            0
urban                   0            0            0            0            0            0            0            0            0            0            0     .0007246
------------------------------------------------------------------------------------------------------------------------------------------------------------------------
