------------------------------------------------------------------------------------------------------------------------------------------------------------------------
             us_tra~1958) us_tra~1957) us_tra~1956) us_tra~1953) us_tra~1950) us_tra~1947) us_tra~1944) us_tra~1941) us_tra~1938)      gdppc23    schooling        urban
------------------------------------------------------------------------------------------------------------------------------------------------------------------------
us_tra~1958)     .2049112            0            0            0            0            0            0            0            0            0            0            0
us_tra~1957)            0     .3173877            0            0            0            0            0            0            0            0            0            0
us_tra~1956)            0            0     .1167067            0            0            0            0            0            0            0            0            0
us_tra~1953)            0            0            0     .1496414            0            0            0            0            0            0            0            0
us_tra~1950)            0            0            0            0      .068576            0            0            0            0            0            0            0
us_tra~1947)            0            0            0            0            0     .0413357            0            0            0            0            0            0
us_tra~1944)            0            0            0            0            0            0     .0257005            0            0            0            0            0
us_tra~1941)            0            0            0            0            0            0            0     .0518267            0            0            0            0
us_tra~1938)            0            0            0            0            0            0            0            0     .0223224            0            0            0
gdppc23                 0            0            0            0            0            0            0            0            0     .0002842            0            0
schooling               0            0            0            0            0            0            0            0            0            0     .0002835            0
urban                   0            0            0            0            0            0            0            0            0            0            0      .001024
------------------------------------------------------------------------------------------------------------------------------------------------------------------------
