------------------------------------------------------------------------------------------------------------------------------------------------------------------------
             us_tra~1958) us_tra~1957) us_tra~1956) us_tra~1953) us_tra~1950) us_tra~1947) us_tra~1944) us_tra~1941) us_tra~1938)      gdppc23    schooling        urban
------------------------------------------------------------------------------------------------------------------------------------------------------------------------
us_tra~1958)     .2314611            0            0            0            0            0            0            0            0            0            0            0
us_tra~1957)            0     .2772977            0            0            0            0            0            0            0            0            0            0
us_tra~1956)            0            0     .0738814            0            0            0            0            0            0            0            0            0
us_tra~1953)            0            0            0     .1265318            0            0            0            0            0            0            0            0
us_tra~1950)            0            0            0            0     .1252429            0            0            0            0            0            0            0
us_tra~1947)            0            0            0            0            0      .048719            0            0            0            0            0            0
us_tra~1944)            0            0            0            0            0            0     .0217455            0            0            0            0            0
us_tra~1941)            0            0            0            0            0            0            0      .078516            0            0            0            0
us_tra~1938)            0            0            0            0            0            0            0            0     .0154704            0            0            0
gdppc23                 0            0            0            0            0            0            0            0            0     .0002197            0            0
schooling               0            0            0            0            0            0            0            0            0            0     .0001271            0
urban                   0            0            0            0            0            0            0            0            0            0            0     .0007876
------------------------------------------------------------------------------------------------------------------------------------------------------------------------
