------------------------------------------------------------------------------------------------------------------------------------------------------------------------
             us_tra~1958) us_tra~1957) us_tra~1956) us_tra~1953) us_tra~1950) us_tra~1947) us_tra~1944) us_tra~1941) us_tra~1938)      gdppc23    schooling        urban
------------------------------------------------------------------------------------------------------------------------------------------------------------------------
us_tra~1958)     .0721986            0            0            0            0            0            0            0            0            0            0            0
us_tra~1957)            0     .1751015            0            0            0            0            0            0            0            0            0            0
us_tra~1956)            0            0     .2397711            0            0            0            0            0            0            0            0            0
us_tra~1953)            0            0            0     .2912006            0            0            0            0            0            0            0            0
us_tra~1950)            0            0            0            0     .1329184            0            0            0            0            0            0            0
us_tra~1947)            0            0            0            0            0     .0468377            0            0            0            0            0            0
us_tra~1944)            0            0            0            0            0            0     .0086971            0            0            0            0            0
us_tra~1941)            0            0            0            0            0            0            0      .012599            0            0            0            0
us_tra~1938)            0            0            0            0            0            0            0            0     .0151614            0            0            0
gdppc23                 0            0            0            0            0            0            0            0            0     .0040509            0            0
schooling               0            0            0            0            0            0            0            0            0            0     .0001183            0
urban                   0            0            0            0            0            0            0            0            0            0            0     .0013454
------------------------------------------------------------------------------------------------------------------------------------------------------------------------
