-----------------------------------------------------------------------------------------------------------------------------------------------------------
             us_tra~1958) us_tra~1956) us_tra~1953) us_tra~1951) us_tra~1947) us_tra~1944) us_tra~1941) us_tra~1938)    adj_mad23    schooling        urban
-----------------------------------------------------------------------------------------------------------------------------------------------------------
us_tra~1958)     .0797033            0            0            0            0            0            0            0            0            0            0
us_tra~1956)            0     .1074111            0            0            0            0            0            0            0            0            0
us_tra~1953)            0            0     .5151525            0            0            0            0            0            0            0            0
us_tra~1951)            0            0            0     .2098533            0            0            0            0            0            0            0
us_tra~1947)            0            0            0            0     .0122318            0            0            0            0            0            0
us_tra~1944)            0            0            0            0            0     .0321434            0            0            0            0            0
us_tra~1941)            0            0            0            0            0            0     .0325864            0            0            0            0
us_tra~1938)            0            0            0            0            0            0            0     .0105394            0            0            0
adj_mad23               0            0            0            0            0            0            0            0     .0000746            0            0
schooling               0            0            0            0            0            0            0            0            0     .0000415            0
urban                   0            0            0            0            0            0            0            0            0            0     .0002628
-----------------------------------------------------------------------------------------------------------------------------------------------------------
